0,0;
1470.715,29.41821;
1469.847,58.82524;
1459.857,182.2614;
1417.419,396.7512;
1410.758,420.2112;
1403.715,443.5587;
1396.292,466.7917;
1388.491,489.902;
1380.313,512.8839;
1371.76,535.7313;
1362.835,558.4386;
1353.539,581.0004;
1343.876,603.4089;
1333.848,625.6595;
1323.283,648.1072;
1312.704,669.6627;
1301.434,691.7131;
1289.975,713.2501;
1278.192,734.5524;
1266.042,755.6961;
1253.634,776.4996;
1240.743,797.3346;
1227.586,817.8439;
1214.055,838.1956;
1200.191,858.3274;
1185.999,878.2321;
1171.479,897.9072;
1156.638,917.3448;
1141.479,936.5403;
1126.005,955.4885;
1110.22,974.1844;
1094.129,992.6234;
1077.733,1010.801;
1061.042,1028.709;
1044.055,1046.346;
1026.779,1063.705;
1009.217,1080.784;
991.3738,1097.575;
973.2536,1114.077;
954.8635,1130.281;
936.1526,1146.23;
917.2864,1161.784;
898.1083,1177.076;
878.6779,1192.054;
859.0003,1206.714;
839.0823,1221.052;
818.9244,1235.066;
798.5355,1248.75;
777.9176,1262.102;
757.0831,1275.113;
736.0273,1287.787;
714.7669,1300.113;
692.8895,1312.317;
671.6318,1323.721;
649.7653,1334.996;
627.7233,1345.908;
605.3459,1356.529;
583.0198,1366.679;
560.5035,1376.473;
537.7642,1385.922;
514.3268,1395.207;
491.8116,1403.701;
468.6116,1412.024;
445.2728,1419.965;
421.8012,1427.522;
398.0011,1434.752;
374.3476,1441.513;
350.5781,1447.886;
326.6959,1453.87;
302.6465,1459.476;
278.503,1464.686;
254.2705,1469.498;
229.6645,1473.96;
205.5625,1477.92;
180.9708,1481.547;
156.4863,1484.744;
131.9951,1487.532;
107.3641,1489.925;
82.69009,1491.911;
57.97978,1493.489;
32.76771,1494.676;
8.477539,1495.417;
-16.63613,1495.768;
-41.08883,1495.705;
-66.07369,1495.227;
-90.66496,1494.349;
-115.5222,1493.05;
-140.1965,1491.35;
-164.9275,1489.233;
-189.6505,1486.704;
-214.3012,1483.767;
-238.9063,1480.421;
-263.9934,1476.58;
-288.4771,1472.409;
-312.4123,1467.926;
-337.1741,1462.861;
-361.0659,1457.559;
-385.266,1451.769;
-409.4979,1445.542;
-433.4823,1438.95;
-457.2785,1431.983;
-481.066,1424.587;
-504.7321,1416.795;
-528.2712,1408.608;
-552.0732,1399.878;
-574.9437,1391.055;
-598.3548,1381.573;
-621.0271,1371.947;
-643.8319,1361.815;
-666.4703,1351.302;
-688.9359,1340.41;
-711.2222,1329.141;
-733.3228,1317.499;
-755.2308,1305.487;
-776.9398,1293.109;
-798.8107,1280.144;
-819.7397,1267.261;
-840.8171,1253.799;
-861.6701,1239.985;
-882.2956,1225.82;
-902.6844,1211.309;
-922.9206,1196.389;
-942.7339,1181.263;
-962.3948,1165.727;
-981.7712,1149.882;
-1000.898,1133.698;
-1020.28,1116.726;
-1038.334,1100.374;
-1057.042,1082.853;
-1074.648,1065.8;
-1092.369,1048.057;
-1110.19,1029.599;
-1126.919,1011.679;
-1143.868,992.9077;
-1160.838,973.4553;
-1176.43,954.9669;
-1192.297,935.511;
-1207.837,915.7883;
-1223.163,895.6491;
-1237.923,875.5634;
-1252.458,855.073;
-1266.649,834.3379;
-1280.515,813.3286;
-1293.987,792.1505;
-1307.117,770.7245;
-1319.891,749.0704;
-1332.301,727.202;
-1344.344,705.1238;
-1356.212,682.4586;
-1367.31,660.3697;
-1378.227,637.7054;
-1388.763,614.8571;
-1398.914,591.8333;
-1408.678,568.6377;
-1418.051,545.2808;
-1427.031,521.7657;
-1435.629,498.0582;
-1443.798,474.2932;
-1451.584,450.3405;
-1458.961,426.2743;
-1465.935,402.0775;
-1472.501,377.7652;
-1478.66,353.3312;
-1484.401,328.8214;
-1489.79,303.9246;
-1494.647,279.4973;
-1499.146,254.7123;
-1503.245,229.7392;
-1506.89,204.9263;
-1510.132,179.9422;
-1512.952,154.9054;
-1515.378,129.5065;
-1517.326,104.7056;
-1518.879,79.55689;
-1520.007,54.36933;
-1520.715,28.98007;
-1520.991,4.001888;
-1520.846,-21.1968;
-1520.276,-46.4162;
-1519.283,-71.56458;
-1517.854,-96.89684;
-1516.024,-121.8502;
-1513.76,-146.9442;
-1511.073,-171.997;
-1507.965,-196.997;
-1504.357,-222.4708;
-1500.408,-247.3024;
-1496.055,-271.997;
-1491.338,-296.3664;
-1486.085,-321.2561;
-1480.497,-345.6854;
-1474.5,-370.021;
-1468.064,-394.3685;
-1461.22,-418.6025;
-1453.969,-442.716;
-1446.208,-467.0239;
-1438.257,-490.5545;
-1429.8,-514.2648;
-1420.898,-537.9537;
-1411.698,-561.2371;
-1402.045,-584.5146;
-1392.029,-607.5632;
-1381.615,-630.4677;
-1370.818,-653.1917;
-1359.642,-675.7273;
-1348.09,-698.0699;
-1336.012,-720.4915;
-1323.872,-742.1473;
-1311.214,-763.8696;
-1298.187,-785.3849;
-1284.471,-807.1903;
-1270.771,-828.1722;
-1256.976,-848.5517;
-1242.573,-869.0863;
-1227.582,-889.7084;
-1212.705,-909.4685;
-1197.269,-929.275;
-1181.501,-948.8204;
-1165.38,-968.1311;
-1149.011,-987.0835;
-1132.285,-1005.806;
-1115.265,-1024.225;
-1097.937,-1042.358;
-1080.302,-1060.204;
-1062.387,-1077.734;
-1043.729,-1095.383;
-1025.686,-1111.886;
-1006.914,-1128.494;
-987.8768,-1144.775;
-968.3252,-1160.935;
-948.7912,-1176.534;
-929.1467,-1191.693;
-909.0172,-1206.696;
-888.7961,-1221.249;
-868.2479,-1235.523;
-847.4156,-1249.482;
-826.4551,-1263.026;
-805.2334,-1276.241;
-783.7952,-1289.099;
-761.7271,-1301.833;
-740.3043,-1313.723;
-718.2642,-1325.483;
-695.8332,-1336.972;
-673.6267,-1347.882;
-650.8503,-1358.605;
-628.0859,-1368.859;
-605.1548,-1378.732;
-582.3038,-1388.123;
-559.0834,-1397.219;
-535.7039,-1405.931;
-511.5196,-1414.479;
-488.5988,-1422.155;
-464.7716,-1429.7;
-440.9842,-1436.8;
-417.0002,-1443.526;
-392.8694,-1449.861;
-368.7635,-1455.764;
-344.5044,-1461.278;
-320.1621,-1466.388;
-295.7456,-1471.09;
-271.261,-1475.385;
-246.6896,-1479.276;
-222.1154,-1482.75;
-197.4689,-1485.817;
-172.7752,-1488.475;
-148.0554,-1490.722;
-123.3065,-1492.558;
-98.53732,-1493.983;
-73.39236,-1495.008;
-48.9643,-1495.599;
-24.17408,-1495.791;
0.6076168,-1495.572;
25.37686,-1494.943;
50.12331,-1493.904;
74.84944,-1492.456;
99.53002,-1490.6;
124.1761,-1488.336;
148.7732,-1485.666;
173.3181,-1482.59;
197.8021,-1479.11;
222.2143,-1475.227;
246.5545,-1470.943;
270.8153,-1466.258;
294.9959,-1461.172;
319.0675,-1455.694;
343.0458,-1449.819;
366.9188,-1443.55;
390.6782,-1436.891;
414.3181,-1429.842;
438.099,-1422.32;
461.2148,-1414.587;
484.4584,-1406.385;
507.5584,-1397.804;
530.5415,-1388.832;
553.3212,-1379.505;
575.9367,-1369.807;
598.3923,-1359.738;
620.6799,-1349.3;
642.7874,-1338.5;
664.7552,-1327.316;
686.4383,-1315.824;
707.9691,-1303.957;
729.5895,-1291.569;
750.4178,-1279.177;
771.3251,-1266.27;
792.011,-1253.027;
812.4731,-1239.448;
832.7038,-1225.54;
853.1583,-1210.971;
872.4545,-1196.745;
892.2985,-1181.608;
911.2215,-1166.676;
930.224,-1151.173;
948.9648,-1135.366;
967.5657,-1119.146;
985.6478,-1102.849;
1003.581,-1086.147;
1021.232,-1069.16;
1039.056,-1051.428;
1055.677,-1034.342;
1072.514,-1016.464;
1088.953,-998.4257;
1105.141,-980.0701;
1121.023,-961.4557;
1136.938,-942.1669;
1151.857,-923.4685;
1166.801,-904.1067;
1181.421,-884.5081;
1195.916,-864.3969;
1209.687,-844.6147;
1223.325,-824.3313;
1236.757,-803.6262;
1249.589,-783.1202;
1262.272,-762.0989;
1274.504,-741.0557;
1286.414,-719.774;
1297.991,-698.2723;
1309.42,-676.1811;
1320.08,-654.7265;
1330.586,-632.6935;
1340.821,-610.2919;
1350.51,-588.135;
1359.923,-565.6207;
1368.976,-542.9321;
1377.637,-520.155;
1385.934,-497.2155;
1393.865,-474.116;
1401.399,-450.951;
1408.563,-427.6381;
1415.344,-404.2147;
1421.743,-380.6843;
1427.757,-357.0558;
1433.384,-333.3333;
1438.624,-309.5244;
1443.475,-285.6332;
1447.935,-261.6682;
1452.004,-237.6355;
1455.681,-213.5408;
1458.973,-189.3208;
1461.853,-165.1904;
1464.348,-140.946;
1466.447,-116.6669;
1468.15,-92.35528;
1469.456,-68.02163;
1470.373,-43.43116;
1470.879,-19.30466;
1470.995,5.065269;
1470.714,29.43317;
1470.015,54.38712;
1468.961,78.13818;
1467.49,102.4647;
1465.59,127.1453;
1463.359,151.0311;
1460.674,175.4743;
1457.647,199.4371;
1454.184,223.6664;
1450.36,247.6362;
1446.128,271.6413;
1441.505,295.5768;
1436.493,319.4337;
1431.092,343.2078;
1425.198,367.308;
1419.13,390.4802;
1412.494,414.2338;
1405.63,437.345;
1398.309,460.6082;
1390.608,483.7523;
1382.53,506.7686;
1374.077,529.6522;
1365.251,552.3971;
1356.054,574.9987;
1346.489,597.4483;
1336.557,619.7427;
1326.263,641.8727;
1315.606,663.8364;
1304.592,685.6246;
1293.221,707.2342;
1281.461,728.7231;
1269.416,749.9052;
1257.006,770.9224;
1243.927,792.2593;
1231.137,812.3793;
1217.696,832.7901;
1203.662,853.3529;
1189.813,872.9501;
1175.383,892.6838;
1160.395,912.4867;
1145.552,931.4452;
1130.01,950.6438;
1114.459,969.2241;
1098.374,987.8172;
1082.136,1005.978;
1065.519,1023.963;
1048.614,1041.669;
1030.963,1059.554;
1013.928,1076.257;
996.1577,1093.127;
978.1137,1109.704;
959.4595,1126.281;
941.2079,1141.973;
922.3533,1157.658;
903.0361,1173.196;
883.8849,1188.09;
864.2736,1202.835;
844.3208,1217.329;
824.3022,1231.375;
803.9914,1245.136;
782.8907,1258.925;
762.6614,1271.676;
741.6649,1284.44;
720.4554,1296.861;
698.5706,1309.194;
677.4295,1320.654;
655.3068,1332.182;
633.6208,1343.032;
611.4371,1353.683;
587.8646,1364.514;
566.5434,1373.889;
543.8459,1383.438;
520.5229,1392.797;
497.9742,1401.417;
474.8129,1409.841;
451.5105,1417.884;
427.7376,1425.651;
404.5045,1432.82;
380.5892,1439.77;
357.007,1446.204;
333.0378,1452.322;
309.0681,1458.02;
284.9499,1463.336;
260.7399,1468.254;
236.4461,1472.772;
212.0743,1476.89;
187.6311,1480.606;
162.8031,1483.958;
138.5548,1486.825;
113.7938,1489.34;
89.21635,1491.426;
64.5726,1493.108;
39.84065,1494.386;
15.08408,1495.254;
-9.691758,1495.713;
-35.02592,1495.758;
-59.26696,1495.399;
-84.52638,1494.606;
-108.8341,1493.44;
-133.5957,1491.845;
-158.3356,1489.838;
-183.1146,1487.413;
-207.7509,1484.588;
-232.3451,1481.354;
-257.0347,1477.689;
-281.445,1473.65;
-305.9014,1469.185;
-330.3724,1464.296;
-354.5974,1459.036;
-379.1267,1453.278;
-402.9537,1447.266;
-427.2412,1440.707;
-450.9158,1433.888;
-474.8379,1426.566;
-498.4324,1418.912;
-522.0057,1410.83;
-545.4472,1402.354;
-568.7516,1393.486;
-592.4503,1384.007;
-615.3697,1374.39;
-637.765,1364.555;
-660.7253,1354.013;
-682.9601,1343.352;
-705.5273,1332.065;
-727.4457,1320.641;
-749.5601,1308.642;
-774.7742,1294.365;
-796.3118,1281.651;
-919.491,1198.955;
-939.4619,1183.798;
-959.1586,1168.322;
-978.5577,1152.547;
-997.7285,1136.419;
-1016.63,1119.968;
-1035.603,1102.882;
-1053.604,1086.118;
-1071.865,1068.533;
-1089.613,1050.855;
-1107.019,1032.931;
-1124.087,1014.755;
-1140.955,996.1801;
-1157.513,977.3204;
-1173.759,958.1776;
-1189.676,938.7703;
-1205.272,919.0919;
-1220.823,898.7697;
-1235.468,878.9535;
-1250.06,858.5035;
-1264.444,837.6093;
-1278.211,816.8731;
-1291.797,795.6479;
-1304.982,774.2643;
-1332.199,727.3846;
-1499.626,251.9225;
-1503.689,226.8667;
-1507.312,201.8551;
-1510.47,177.1292;
-1513.243,152.0878;
-1515.594,127.0026;
-1517.522,101.8793;
-1519.06,76.07471;
-1520.107,51.5532;
-1520.764,26.36495;
-1520.996,1.167644;
-1520.796,-24.47235;
-1520.117,-51.28363;
-1519.145,-74.39432;
-1517.678,-99.5624;
-1515.79,-124.6772;
-1513.43,-150.2481;
-1510.745,-174.809;
-1507.539,-200.1752;
-1504.013,-224.7435;
-1500.018,-249.6165;
-1495.605,-274.4175;
-1490.748,-299.2701;
-1485.528,-323.778;
-1479.869,-348.3219;
-1473.639,-373.3762;
-1467.315,-397.0988;
-1460.425,-421.3206;
-1453.007,-445.8086;
-1445.427,-469.3921;
-1437.23,-493.5002;
-1428.824,-516.9221;
-1419.925,-540.4688;
-1410.633,-563.8602;
-1400.949,-587.0894;
-1390.603,-610.761;
-1380.42,-633.0328;
-1369.58,-655.735;
-1358.15,-678.666;
-1346.768,-700.5699;
-1334.649,-722.9648;
-1322.365,-744.7795;
-1309.762,-766.3092;
-1296.707,-787.7777;
-1283.29,-809.0306;
-1269.277,-830.4144;
-1255.398,-850.8373;
-1240.736,-871.653;
-1225.97,-891.8833;
-1210.986,-911.7078;
-1195.513,-931.4844;
-1179.65,-951.0721;
-1163.539,-970.2952;
-1147.15,-989.1988;
-1130.396,-1007.881;
-1113.335,-1026.275;
-1095.961,-1044.387;
-1078.292,-1062.2;
-1060.355,-1079.686;
-1042.114,-1096.882;
-1023.59,-1113.768;
-1004.791,-1130.337;
-985.7198,-1146.586;
-966.3842,-1162.509;
-946.7878,-1178.104;
-926.9385,-1193.364;
-906.8399,-1208.288;
-886.499,-1222.87;
-865.9227,-1237.106;
-845.1147,-1250.993;
-824.0823,-1264.528;
-802.8328,-1277.705;
-781.371,-1290.522;
-759.4414,-1303.124;
-737.8358,-1315.064;
-715.5223,-1326.913;
-693.5242,-1338.128;
-670.8672,-1349.207;
-648.4921,-1359.688;
-625.6462,-1369.931;
-602.7849,-1379.726;
-579.6964,-1389.167;
-555.876,-1398.441;
-533.0854,-1406.879;
-509.5721,-1415.148;
-485.9305,-1423.021;
-462.1673,-1430.499;
-438.0151,-1437.656;
-414.0995,-1444.31;
-390.2181,-1450.531;
-366.0359,-1456.405;
-341.7589,-1461.876;
-317.419,-1466.937;
-292.9938,-1471.594;
-268.5026,-1475.843;
-243.5279,-1479.746;
-219.3442,-1483.115;
-194.692,-1486.137;
-169.7453,-1488.773;
-145.2732,-1490.949;
-120.5202,-1492.739;
-95.72066,-1494.119;
-70.27208,-1495.106;
-46.17336,-1495.641;
-21.38503,-1495.787;
3.395451,-1495.522;
28.44774,-1494.836;
52.90712,-1493.762;
77.78686,-1492.257;
102.3061,-1490.366;
126.9585,-1488.055;
154.8753,-1484.94;
179.649,-1481.73;
203.8721,-1478.183;
228.2686,-1474.2;
252.7068,-1469.794;
276.8514,-1465.027;
300.9787,-1459.85;
325.0343,-1454.271;
348.988,-1448.298;
372.8322,-1441.932;
396.9202,-1435.071;
420.1719,-1428.031;
443.6547,-1420.5;
467.004,-1412.584;
490.2137,-1404.288;
513.2761,-1395.613;
536.188,-1386.561;
558.9406,-1377.136;
581.5304,-1367.34;
604.0249,-1357.142;
626.1917,-1346.649;
648.2542,-1335.759;
670.129,-1324.51;
691.813,-1312.905;
713.2921,-1300.951;
735.059,-1288.359;
755.6361,-1276;
776.4886,-1263.009;
797.1203,-1249.682;
817.7441,-1235.872;
837.6971,-1222.031;
857.7526,-1207.627;
877.3278,-1193.076;
896.7745,-1178.12;
915.9702,-1162.85;
934.909,-1147.271;
953.9626,-1131.061;
971.9938,-1115.204;
990.1325,-1098.723;
1007.993,-1081.953;
1025.729,-1064.743;
1042.872,-1047.553;
1059.883,-1029.93;
1076.599,-1012.037;
1093.006,-993.8867;
1109.118,-975.4663;
1125.243,-956.405;
1140.42,-937.8564;
1155.605,-918.6738;
1170.626,-899.0429;
1185.132,-879.426;
1199.222,-859.7098;
1213.109,-839.5928;
1226.662,-819.2562;
1239.92,-798.6395;
1252.758,-777.9402;
1265.294,-756.9722;
1277.483,-735.8076;
1289.324,-714.4474;
1301.027,-692.4909;
1311.949,-671.1685;
1322.854,-648.9994;
1333.143,-627.1879;
1343.268,-604.7867;
1352.885,-582.5508;
1362.208,-559.9927;
1371.161,-537.2903;
1379.734,-514.467;
1387.938,-491.4947;
1395.766,-468.3924;
1403.214,-445.1689;
1410.284,-421.8276;
1416.97,-398.3788;
1423.273,-374.8231;
1429.192,-351.1694;
1434.787,-327.1392;
1439.866,-303.5958;
1444.62,-279.6855;
1448.997,-255.6234;
1452.956,-231.6411;
1456.533,-207.5458;
1459.719,-183.381;
1462.51,-159.1698;
1464.947,-134.4644;
1466.907,-110.6291;
1468.511,-86.31091;
1469.729,-61.74029;
1470.531,-37.61465;
1470.945,-13.24791;
1470.963,11.12789;
1470.582,35.5078;
1469.806,59.84479;
1468.604,84.69704;
1467.063,108.5062;
1465.097,132.797;
1462.735,157.0544;
1459.978,181.2695;
1456.827,205.4387;
1453.248,229.7719;
1449.345,253.6084;
1445.003,277.6653;
1440.295,301.5175;
1435.045,325.987;
1429.689,349.1045;
1423.805,372.7651;
1417.535,396.3296;
1410.881,419.7891;
1403.845,443.1402;
1396.429,466.3741;
1388.635,489.4872;
1380.463,512.4711;
1371.917,535.3221;
1362.967,558.1097;
1353.705,580.6066;
1344.053,603.0075;
1334.031,625.2608;
1323.646,647.3514;
1312.9,669.2723;
1301.797,691.0163;
1290.338,712.5801;
1278.527,733.957;
1266.367,755.141;
1253.857,776.1326;
1241.013,796.9058;
1227.816,817.4907;
1214.3,837.8334;
1200.442,857.9698;
1186.255,877.879;
1171.741,897.558;
1156.646,917.3353;
1141.753,936.1989;
1126.284,955.1523;
1110.505,973.8526;
1094.418,992.2966;
1078.029,1010.478;
1061.342,1028.392;
1044.361,1046.033;
1027.089,1063.399;
1009.533,1080.481;
991.6945,1097.279;
973.5806,1113.784;
955.1949,1129.994;
936.541,1145.904;
917.5876,1161.54;
898.4534,1176.805;
879.0284,1191.788;
859.3547,1206.455;
839.4398,1220.799;
818.3831,1235.436;
797.9863,1249.112;
777.3652,1262.453;
756.523,1275.457;
735.2311,1288.257;
714.1957,1300.438;
692.7214,1312.409;
671.0481,1324.028;
649.1826,1335.291;
627.1267,1346.197;
604.8439,1356.762;
582.4634,1366.926;
559.8987,1376.73;
537.1517,1386.171;
514.2476,1395.238;
491.1915,1403.929;
467.9879,1412.241;
444.2198,1420.313;
421.1684,1427.72;
397.5636,1434.881;
373.8391,1441.654;
349.4397,1448.181;
326.0516,1454.026;
302.0002,1459.621;
277.8532,1464.82;
253.617,1469.622;
229.2996,1474.023;
204.5686,1478.075;
180.4433,1481.62;
155.9161,1484.813;
131.1556,1487.62;
106.6018,1489.993;
81.93723,1491.965;
57.31631,1493.525;
32.575,1494.683;
7.063819,1495.448;
-16.9673,1495.77;
-41.75616,1495.697;
-66.54585,1495.214;
-91.33525,1494.32;
-116.1047,1493.015;
-141.1665,1491.274;
-165.5921,1489.171;
-190.2921,1486.632;
-214.9519,1483.684;
-239.6114,1480.319;
-264.1801,1476.549;
-288.6331,1472.381;
-313.0695,1467.797;
-337.4342,1462.806;
-361.7178,1457.409;
-385.9162,1451.608;
-410.0198,1445.403;
-434.0246,1438.796;
-457.9224,1431.789;
-481.7065,1424.382;
-505.7452,1416.452;
-528.9042,1408.382;
-552.3071,1399.79;
-575.5681,1390.808;
-598.6928,1381.432;
-621.7006,1371.654;
-644.4481,1361.535;
-667.0778,1351.014;
-690.1254,1339.82;
-711.8215,1328.832;
-734.381,1316.93;
-755.82,1305.158;
-777.5251,1292.768;
-799.0239,1280.015;
-820.5033,1266.782;
-841.3823,1253.432;
-862.4241,1239.476;
-882.8473,1225.434;
-903.2309,1210.913;
-923.5104,1195.947;
-943.2672,1180.849;
-962.9092,1165.314;
-982.3469,1149.403;
-1001.418,1133.251;
-1020.257,1116.746;
-1038.831,1099.917;
-1057.124,1082.775;
-1075.129,1065.326;
-1092.844,1047.574;
-1110.261,1029.524;
-1127.377,1011.181;
-1144.313,992.4067;
-1160.683,973.6362;
-1176.872,954.4333;
-1192.72,934.9827;
-1208.256,915.2474;
-1223.806,894.7885;
-1238.384,874.9241;
-1252.846,854.5153;
-1267.305,833.3611;
-1281.072,812.468;
-1294.346,791.5753;
-1307.467,770.1415;
-1320.231,748.4821;
-1332.631,726.6082;
-1344.689,704.4775;
-1356.325,682.2393;
-1367.61,659.7595;
-1378.518,637.0889;
-1389.321,613.6199;
-1399.184,591.2081;
-1517.582,100.9926;
-1519.089,75.51164;
-1520.138,50.66211;
-1520.779,25.47346;
-1520.996,0.2760247;
-1520.788,-24.92004;
-1520.156,-50.11038;
-1491.742,-294.3594;
-1486.577,-319.0138;
-1480.997,-343.5763;
-1284.279,-807.4904;
-1270.527,-828.5397;
-1256.434,-849.3375;
-1241.997,-869.8925;
-1227.212,-890.2083;
-1212.098,-910.2604;
-1196.27,-930.5326;
-1180.872,-949.5865;
-1164.772,-968.847;
-1148.115,-988.1025;
-1131.549,-1006.615;
-1114.443,-1025.1;
-1097.242,-1043.073;
-1079.581,-1060.921;
-1061.663,-1078.43;
-1043.444,-1095.648;
-1024.945,-1112.552;
-1006.164,-1129.145;
-987.1058,-1145.423;
-967.7971,-1161.364;
-948.2215,-1176.981;
-928.2768,-1192.352;
-908.2691,-1207.244;
-887.9874,-1221.82;
-867.4008,-1236.1;
-846.6379,-1249.994;
-825.1108,-1263.877;
-804.3891,-1276.757;
-782.9414,-1289.601;
-761.2872,-1302.082;
-739.4352,-1314.196;
-717.1269,-1326.077;
-695.1535,-1337.313;
-672.7363,-1348.31;
-650.147,-1358.929;
-627.342,-1369.187;
-604.4672,-1379.021;
-549.1487,-1400.975;
-522.3242,-1410.718;
-498.7457,-1418.808;
-475.053,-1426.498;
-451.2363,-1433.792;
-426.8605,-1440.813;
-403.277,-1447.182;
-378.8139,-1453.354;
-354.9219,-1458.962;
-330.4401,-1464.282;
-306.2336,-1469.122;
-281.6414,-1473.616;
-257.2583,-1477.654;
-232.6798,-1481.307;
-208.0507,-1484.551;
-183.3779,-1487.385;
-158.6683,-1489.808;
-133.9316,-1491.82;
-109.1688,-1493.422;
-84.3898,-1494.612;
-59.60128,-1495.391;
-34.81296,-1495.759;
-10.02596,-1495.716;
14.75008,-1495.263;
39.50835,-1494.4;
64.2421,-1493.128;
88.94457,-1491.446;
113.7055,-1489.348;
138.2287,-1486.861;
162.7971,-1483.959;
195.0316,-1479.524;
220.0084,-1475.595;
243.8056,-1471.447;
268.0731,-1466.808;
292.2569,-1461.769;
316.345,-1456.334;
340.3363,-1450.504;
364.2218,-1444.279;
387.9949,-1437.664;
411.6548,-1430.657;
435.1762,-1423.268;
458.5745,-1415.491;
481.8354,-1407.333;
504.95,-1398.795;
527.9175,-1389.879;
550.7266,-1380.589;
573.6753,-1370.797;
595.8561,-1360.897;
618.1644,-1350.5;
640.2906,-1339.742;
662.2818,-1328.598;
683.9837,-1317.148;
705.5391,-1305.319;
726.9825,-1293.088;
748.0344,-1280.618;
768.9705,-1267.748;
789.6756,-1254.546;
810.1635,-1241.005;
830.424,-1227.132;
850.4427,-1212.935;
870.2325,-1198.408;
889.7637,-1183.571;
909.0513,-1168.414;
928.0814,-1152.948;
947.1755,-1136.898;
965.3608,-1121.097;
983.5962,-1104.725;
1001.691,-1087.934;
1019.244,-1071.102;
1036.642,-1053.864;
1053.778,-1036.321;
1070.573,-1018.555;
1087.097,-1000.492;
1103.318,-982.1678;
1119.507,-963.2603;
1134.845,-944.7405;
1151.234,-924.2626;
1165.119,-906.3179;
1179.778,-886.7444;
1194.214,-866.795;
1208.118,-846.9041;
1221.793,-826.6456;
1235.491,-805.6102;
1248.134,-785.4838;
1260.794,-764.5891;
1273.109,-743.496;
1285.077,-722.205;
1296.694,-700.7244;
1307.957,-679.0599;
1318.864,-657.2172;
1329.415,-635.197;
1339.597,-613.0229;
1349.438,-590.6342;
1358.872,-568.1862;
1367.958,-545.5376;
1376.67,-522.7541;
1385.203,-499.2858;
1392.975,-476.7721;
1400.563,-453.5855;
1407.768,-430.2911;
1414.595,-406.8734;
1421.036,-383.36;
1427.096,-359.7357;
1432.778,-335.9735;
1438.051,-312.222;
1442.945,-288.3452;
1447.45,-264.3849;
1451.563,-240.3637;
1455.303,-216.1411;
1458.671,-191.6721;
1461.546,-167.9353;
1464.085,-143.6954;
1466.245,-119.2195;
1467.977,-95.10957;
1469.331,-70.72297;
1470.283,-46.42442;
1470.841,-22.05769;
1471.002,2.309175;
1470.766,26.67825;
1470.118,51.47499;
1469.103,75.38914;
1467.676,99.71547;
1465.835,124.2367;
1463.635,148.2865;
1461.01,172.6077;
1458.012,196.7055;
1454.609,220.8384;
1450.814,244.9137;
1446.627,268.9277;
1442,293.1137;
1437.079,316.7389;
1431.722,340.5234;
1425.968,364.2545;
1419.847,387.8167;
1413.332,411.3158;
1406.435,434.7046;
1399.009,458.4396;
1391.498,481.1405;
1374.99,527.2358;
1366.202,549.9997;
1357.045,572.6143;
1347.519,595.0788;
1337.626,617.3901;
1327.369,639.5395;
1316.75,661.5212;
1305.773,683.3294;
1294.44,704.9582;
1282.658,726.574;
1270.718,747.6526;
1258.334,768.7091;
1245.607,789.5636;
1232.538,810.2105;
1219.131,830.6443;
1205.391,850.8594;
1191.32,870.8505;
1176.921,890.6121;
1162.199,910.139;
1147.159,929.4236;
1131.801,948.4653;
1116.099,967.293;
1100.154,985.7902;
1083.871,1004.065;
1067.289,1022.075;
1050.087,1040.149;
1033.243,1057.277;
1015.788,1074.459;
998.049,1091.358;
979.9039,1108.083;
961.6641,1124.351;
943.1678,1140.312;
924.3613,1156.012;
904.856,1171.754;
885.9434,1186.513;
866.357,1201.292;
846.1335,1216.033;
826.4564,1229.887;
805.8517,1243.895;
784.1484,1258.117;
764.8668,1270.308;
743.4416,1283.378;
722.7093,1295.563;
701.3162,1307.673;
679.7216,1319.433;
657.9313,1330.839;
635.951,1341.887;
613.7864,1352.576;
591.4357,1362.905;
568.7639,1372.931;
546.2482,1382.448;
523.408,1391.664;
500.4105,1400.506;
477.2644,1408.97;
453.976,1417.054;
430.5513,1424.755;
406.9967,1432.07;
383.321,1438.998;
359.5253,1445.537;
335.6212,1451.683;
311.6098,1457.436;
287.5002,1462.793;
263.2988,1467.754;
239.015,1472.314;
214.6497,1476.475;
190.2151,1480.233;
165.7122,1483.587;
141.1504,1486.538;
116.5365,1489.082;
91.87982,1491.219;
67.18152,1492.949;
41.94691,1494.293;
17.69827,1495.182;
-7.076001,1495.684;
-31.86206,1495.775;
-56.65309,1495.456;
-81.44228,1494.726;
-106.2314,1493.584;
-130.9879,1492.032;
-155.7306,1490.069;
-180.9019,1487.646;
-205.1216,1484.909;
-229.7675,1481.712;
-254.3496,1478.108;
-278.8666,1474.096;
-303.3316,1469.674;
-327.7262,1464.845;
-352.041,1459.61;
-376.2748,1453.97;
-400.4206,1447.925;
-424.4744,1441.476;
-448.3992,1434.633;
-472.2295,1427.385;
-495.9394,1419.741;
-519.5275,1411.7;
-542.9819,1403.266;
-566.3012,1394.44;
-589.4893,1385.218;
-612.4999,1375.619;
-635.3635,1365.63;
-658.0657,1355.259;
-680.5973,1344.507;
-702.9517,1333.377;
-725.1228,1321.874;
-747.1167,1309.992;
-768.8891,1297.755;
-790.4694,1285.148;
-811.8898,1272.149;
-833.0024,1258.848;
-853.9383,1245.166;
-874.6495,1231.13;
-895.538,1216.454;
-915.6171,1201.835;
-935.3591,1186.955;
-955.2496,1171.436;
-974.5901,1155.817;
-993.8198,1139.752;
