0,0;
2066.216,21.90271;
2065.898,43.80359;
2062.229,135.9514;
2046.568,298.1201;
2044.099,316.1146;
2041.486,334.089;
2038.728,352.0451;
2035.825,369.9806;
2032.778,387.8946;
2029.586,405.7861;
2026.25,423.6543;
2022.769,441.4987;
2019.145,459.3166;
2015.377,477.1084;
2011.399,495.1637;
2007.41,512.6078;
2003.15,530.5665;
1998.809,548.2248;
1994.336,565.8119;
1989.714,583.394;
1984.983,600.8227;
1980.055,618.414;
1975.013,635.871;
1969.814,653.3398;
1964.474,670.7714;
1958.992,688.163;
1953.368,705.516;
1947.603,722.8273;
1941.697,740.0961;
1935.65,757.3217;
1929.462,774.5031;
1923.134,791.6394;
1916.665,808.7303;
1910.057,825.772;
1903.31,842.7659;
1896.423,859.7101;
1889.396,876.6049;
1882.231,893.4472;
1874.927,910.2381;
1867.486,926.9736;
1859.885,943.702;
1852.189,960.28;
1844.334,976.8494;
1836.343,993.361;
1828.214,1009.813;
1819.951,1026.204;
1811.55,1042.536;
1803.014,1058.806;
1794.342,1075.014;
1785.536,1091.154;
1776.594,1107.234;
1767.521,1123.243;
1758.136,1139.488;
1748.97,1155.061;
1739.493,1170.871;
1729.888,1186.602;
1720.084,1202.369;
1710.248,1217.903;
1700.272,1233.379;
1690.14,1248.821;
1679.634,1264.547;
1669.482,1279.48;
1658.958,1294.695;
1648.305,1309.83;
1637.524,1324.884;
1626.522,1339.985;
1615.517,1354.833;
1604.384,1369.601;
1593.123,1384.287;
1581.705,1398.93;
1570.163,1413.484;
1558.495,1427.952;
1546.562,1442.503;
1534.786,1456.623;
1522.683,1470.899;
1510.54,1484.985;
1498.299,1498.951;
1485.892,1512.876;
1473.364,1526.706;
1460.715,1540.441;
1447.702,1554.339;
1435.058,1567.621;
1421.875,1581.245;
1408.926,1594.407;
1395.579,1607.754;
1382.324,1620.792;
1368.803,1633.875;
1355.256,1646.768;
1341.55,1659.599;
1327.717,1672.337;
1313.788,1684.951;
1299.748,1697.458;
1285.285,1710.124;
1271.023,1722.407;
1256.937,1734.338;
1242.208,1746.606;
1227.843,1758.371;
1213.133,1770.217;
1198.239,1782.01;
1183.327,1793.615;
1168.361,1805.064;
1153.225,1816.447;
1137.984,1827.711;
1122.64,1838.856;
1106.929,1850.066;
1091.641,1860.783;
1075.79,1871.699;
1060.237,1882.22;
1044.386,1892.753;
1028.435,1903.161;
1012.386,1913.442;
996.2404,1923.596;
979.9982,1933.623;
963.6608,1943.52;
947.2297,1953.286;
930.4206,1963.087;
914.0852,1972.428;
897.3749,1981.8;
880.5753,1991.037;
863.6842,2000.14;
846.7054,2009.108;
829.5635,2017.977;
812.485,2026.633;
795.2343,2035.193;
777.9216,2043.604;
760.5124,2051.881;
742.5286,2060.242;
725.4485,2068.009;
707.3978,2076.034;
690.062,2083.566;
672.2513,2091.128;
653.9517,2098.713;
636.3958,2105.816;
618.2119,2112.996;
599.5777,2120.168;
582.0521,2126.743;
563.7922,2133.42;
545.4617,2139.947;
526.9197,2146.372;
508.5921,2152.547;
490.0562,2158.618;
471.4539,2164.535;
452.7551,2170.307;
434.0496,2175.907;
415.2627,2181.357;
396.408,2186.652;
377.4934,2191.789;
358.5191,2196.768;
339.1594,2201.67;
320.4012,2206.248;
301.2594,2210.748;
282.0628,2215.086;
262.8148,2219.262;
243.5145,2223.277;
224.1663,2227.127;
204.768,2230.814;
185.288,2234.342;
165.8328,2237.692;
146.2911,2240.884;
126.7194,2243.906;
107.0998,2246.763;
87.44008,2249.452;
67.73111,2251.973;
48.00559,2254.322;
28.00952,2256.527;
8.425947,2258.514;
-11.41297,2260.354;
-31.37539,2262.03;
-51.18715,2263.52;
-71.11732,2264.843;
-91.07533,2265.994;
-111.3122,2266.983;
-131.0672,2267.774;
-151.0979,2268.403;
-171.1626,2268.857;
-191.3954,2269.136;
-211.3119,2269.236;
-231.4199,2269.162;
-251.5642,2268.91;
-271.6766,2268.482;
-291.9644,2267.87;
-311.9814,2267.091;
-332.1482,2266.127;
-352.323,2264.986;
-372.5009,2263.665;
-393.1129,2262.13;
-413.2597,2260.45;
-433.3535,2258.595;
-453.2439,2256.582;
-473.627,2254.338;
-493.7042,2251.946;
-513.7797,2249.374;
-533.9451,2246.609;
-554.1014,2243.662;
-574.2468,2240.533;
-594.6505,2237.176;
-614.4988,2233.729;
-634.6012,2230.053;
-654.7942,2226.174;
-674.7531,2222.154;
-694.8243,2217.925;
-714.8197,2213.524;
-734.8167,2208.934;
-754.7882,2204.162;
-774.7305,2199.207;
-794.6441,2194.068;
-814.7776,2188.678;
-834.3735,2183.243;
-854.186,2177.555;
-873.9724,2171.682;
-894.2002,2165.475;
-913.8393,2159.253;
-933.0881,2152.965;
-952.6664,2146.374;
-972.5234,2139.488;
-991.7444,2132.626;
-1011.212,2125.478;
-1030.633,2118.147;
-1050.037,2110.619;
-1069.303,2102.943;
-1088.564,2095.065;
-1107.749,2087.014;
-1126.88,2078.779;
-1145.959,2070.36;
-1164.958,2061.767;
-1184.362,2052.775;
-1202.774,2044.037;
-1221.583,2034.902;
-1240.312,2025.592;
-1259.208,2015.981;
-1277.758,2006.329;
-1296.099,1996.572;
-1314.583,1986.522;
-1332.849,1976.371;
-1351.115,1965.999;
-1369.343,1955.425;
-1387.402,1944.727;
-1405.409,1933.833;
-1423.33,1922.764;
-1441.505,1911.302;
-1458.897,1900.109;
-1476.539,1888.525;
-1494.244,1876.662;
-1511.532,1864.844;
-1529.025,1852.648;
-1546.276,1840.379;
-1563.427,1827.94;
-1580.299,1815.463;
-1597.227,1802.701;
-1614.058,1789.764;
-1631.251,1776.288;
-1647.347,1763.429;
-1663.881,1749.968;
-1680.192,1736.434;
-1696.445,1722.69;
-1712.608,1708.761;
-1728.57,1694.742;
-1744.452,1680.53;
-1760.209,1666.159;
-1775.839,1651.634;
-1791.342,1636.955;
-1806.73,1622.107;
-1821.954,1607.138;
-1837.061,1592.004;
-1852.036,1576.716;
-1866.869,1561.285;
-1881.566,1545.705;
-1896.123,1529.979;
-1910.748,1513.876;
-1924.811,1498.094;
-1938.939,1481.937;
-1952.92,1465.64;
-1966.754,1449.202;
-1980.437,1432.628;
-1993.974,1415.912;
-2007.351,1399.068;
-2020.577,1382.086;
-2033.648,1364.973;
-2046.562,1347.727;
-2059.318,1330.351;
-2071.912,1312.849;
-2084.345,1295.22;
-2096.616,1277.465;
-2108.726,1259.582;
-2120.663,1241.587;
-2132.436,1223.467;
-2144.042,1205.228;
-2155.477,1186.871;
-2166.741,1168.399;
-2177.958,1149.601;
-2188.75,1131.115;
-2199.492,1112.307;
-2210.058,1093.389;
-2220.462,1074.337;
-2230.666,1055.218;
-2240.688,1035.996;
-2250.534,1016.667;
-2260.2,997.2316;
-2269.682,977.6981;
-2278.999,958.0267;
-2288.091,938.3441;
-2297.016,918.5282;
-2305.871,898.3463;
-2314.3,878.625;
-2322.658,858.5402;
-2330.824,838.3726;
-2338.799,818.1202;
-2346.58,797.7881;
-2354.34,776.9038;
-2361.559,756.8861;
-2368.878,735.9659;
-2375.755,715.6838;
-2382.558,694.9742;
-2389.161,674.1968;
-2395.609,653.2089;
-2401.771,632.4385;
-2407.775,611.4614;
-2413.577,590.4266;
-2419.323,568.7723;
-2424.574,548.1824;
-2429.784,526.9108;
-2434.758,505.7157;
-2439.542,484.4057;
-2444.122,463.0477;
-2448.59,441.169;
-2452.662,420.1927;
-2456.623,398.6999;
-2460.375,377.1693;
-2463.967,355.2978;
-2467.255,333.9937;
-2470.382,312.354;
-2473.328,290.4674;
-2476.009,268.9832;
-2478.519,247.1483;
-2480.798,225.4732;
-2482.873,203.73;
-2484.74,181.9343;
-2486.425,159.7126;
-2487.841,138.2908;
-2489.074,116.4478;
-2490.105,94.39432;
-2490.906,72.72778;
-2491.505,50.85445;
-2491.892,28.95104;
-2492.066,7.096387;
-2492.029,-14.78393;
-2491.779,-36.69187;
-2491.319,-58.54026;
-2490.646,-80.41068;
-2489.761,-102.2718;
-2488.665,-124.1237;
-2487.357,-145.9626;
-2485.839,-167.7874;
-2484.108,-189.594;
-2482.167,-211.3826;
-2480.015,-233.15;
-2477.653,-254.8933;
-2475.081,-276.6109;
-2472.291,-298.363;
-2469.307,-319.9603;
-2466.107,-341.589;
-2462.698,-363.1815;
-2459.08,-384.7387;
-2455.255,-406.2554;
-2451.182,-427.9422;
-2446.982,-449.1677;
-2442.536,-470.5578;
-2437.885,-491.9001;
-2432.907,-513.7111;
-2427.967,-534.4327;
-2422.701,-555.6207;
-2417.145,-577.0841;
-2411.561,-597.8279;
-2405.634,-619.0301;
-2399.614,-639.7932;
-2393.312,-660.7687;
-2386.864,-681.5044;
-2380.19,-702.2587;
-2373.318,-722.9441;
-2366.25,-743.5558;
-2358.984,-764.0945;
-2351.39,-784.916;
-2343.868,-804.9409;
-2335.928,-825.4768;
-2327.977,-845.4686;
-2319.743,-865.6071;
-2311.318,-885.6603;
-2302.705,-905.6249;
-2293.902,-925.4999;
-2284.912,-945.2839;
-2275.734,-964.9758;
-2266.372,-984.5708;
-2256.825,-1004.071;
-2247.096,-1023.469;
-2237.184,-1042.769;
-2227.091,-1061.966;
-2216.818,-1081.059;
-2206.334,-1100.105;
-2195.73,-1118.94;
-2184.935,-1137.695;
-2173.687,-1156.807;
-2162.804,-1174.9;
-2151.479,-1193.332;
-2139.771,-1211.985;
-2128.319,-1229.847;
-2116.489,-1247.923;
-2104.301,-1266.159;
-2092.325,-1283.715;
-2079.876,-1301.598;
-2067.507,-1319.011;
-2054.796,-1336.55;
-2042.045,-1353.798;
-2029.073,-1371.001;
-2015.95,-1388.065;
-2002.321,-1405.439;
-1989.235,-1421.8;
-1975.647,-1438.466;
-1961.912,-1454.991;
-1947.773,-1471.676;
-1933.993,-1487.628;
-1919.812,-1503.738;
-1905.333,-1519.874;
-1891.026,-1535.519;
-1876.42,-1551.194;
-1861.602,-1566.798;
-1846.775,-1582.12;
-1831.767,-1597.34;
-1816.212,-1612.817;
-1801.329,-1627.349;
-1785.911,-1642.128;
-1770.362,-1656.755;
-1754.343,-1671.541;
-1738.888,-1685.539;
-1722.734,-1699.899;
-1706.914,-1713.698;
-1690.746,-1727.54;
-1673.575,-1741.956;
-1658.052,-1754.743;
-1641.533,-1768.102;
-1624.561,-1781.564;
-1608.152,-1794.332;
-1591.294,-1807.202;
-1574.328,-1819.906;
-1557.012,-1832.62;
-1540.078,-1844.814;
-1522.634,-1857.132;
-1505.416,-1869.052;
-1487.896,-1880.943;
-1470.354,-1892.612;
-1452.678,-1904.137;
-1434.908,-1915.491;
-1417.045,-1926.672;
-1399.092,-1937.68;
-1381.051,-1948.515;
-1362.686,-1959.313;
-1344.708,-1969.663;
-1326.304,-1980.033;
-1307.988,-1990.133;
-1289.573,-2000.069;
-1271.036,-2009.851;
-1252.425,-2019.456;
-1233.738,-2028.884;
-1214.564,-2038.336;
-1196.151,-2047.204;
-1176.892,-2056.263;
-1158.287,-2064.808;
-1139.258,-2073.341;
-1120.164,-2081.693;
-1100.955,-2089.889;
-1081.768,-2097.868;
-1062.523,-2105.668;
-1043.107,-2113.331;
-1023.812,-2120.744;
-1004.378,-2128.01;
-984.8246,-2135.119;
-965.3568,-2141.997;
-945.5283,-2148.8;
-926.1496,-2155.253;
-906.2709,-2161.674;
-886.7678,-2167.78;
-866.9304,-2173.794;
-847.2278,-2179.575;
-827.4031,-2185.198;
-807.5438,-2190.637;
-787.6497,-2195.895;
-767.259,-2201.086;
-747.3788,-2205.955;
-727.7928,-2210.568;
-707.5407,-2215.147;
-687.756,-2219.435;
-667.4943,-2223.637;
-647.6313,-2227.571;
-627.3987,-2231.391;
-604.0819,-2235.56;
-583.9442,-2238.961;
-464.3176,-2255.386;
-444.1041,-2257.529;
-423.9108,-2259.489;
-403.759,-2261.265;
-383.5737,-2262.864;
-363.3914,-2264.283;
-342.8359,-2265.545;
-323.0427,-2266.584;
-302.655,-2267.476;
-282.5244,-2268.177;
-262.4607,-2268.7;
-242.4544,-2269.046;
-222.3399,-2269.217;
-202.2401,-2269.212;
-182.1533,-2269.031;
-162.0942,-2268.673;
-142.0522,-2268.141;
-121.6519,-2267.418;
-102.0346,-2266.552;
-82.06201,-2265.496;
-61.92538,-2264.254;
-42.19771,-2262.865;
-22.25609,-2261.286;
-2.411269,-2259.541;
40.29161,-2255.194;
428.995,-2177.391;
447.8845,-2171.782;
466.6265,-2166.042;
485.0492,-2160.228;
503.6035,-2154.198;
522.091,-2148.015;
540.5103,-2141.68;
559.3346,-2135.024;
577.1386,-2128.557;
595.3455,-2121.771;
613.4805,-2114.834;
631.858,-2107.625;
650.9985,-2099.92;
667.4362,-2093.142;
685.2787,-2085.615;
703.0256,-2077.95;
721.0399,-2069.986;
738.2928,-2062.184;
756.0653,-2053.966;
773.2372,-2045.849;
790.5837,-2037.471;
807.8456,-2028.953;
825.1121,-2020.251;
842.1135,-2011.502;
859.1166,-2002.571;
876.4545,-1993.275;
892.8555,-1984.303;
909.5901,-1974.967;
926.501,-1965.344;
942.7833,-1955.897;
959.4288,-1946.053;
975.6033,-1936.304;
991.8716,-1926.312;
1008.044,-1916.192;
1024.119,-1905.944;
1040.521,-1895.293;
1055.975,-1885.072;
1071.753,-1874.448;
1087.723,-1863.5;
1103.01,-1852.831;
1118.679,-1841.7;
1133.984,-1830.635;
1149.135,-1819.489;
1164.293,-1808.144;
1179.352,-1796.675;
1194.564,-1784.888;
1209.152,-1773.389;
1224.088,-1761.414;
1238.675,-1749.518;
1253.043,-1737.602;
1267.454,-1725.448;
1281.811,-1713.135;
1295.989,-1700.77;
1310.022,-1688.326;
1323.987,-1675.735;
1337.839,-1663.037;
1351.584,-1650.227;
1365.213,-1637.313;
1378.706,-1624.314;
1392.097,-1611.2;
1405.371,-1597.984;
1418.528,-1584.667;
1431.567,-1571.251;
1444.487,-1557.736;
1457.288,-1544.123;
1469.97,-1530.414;
1482.531,-1516.609;
1494.97,-1502.71;
1507.288,-1488.718;
1519.484,-1474.632;
1531.557,-1460.456;
1543.507,-1446.189;
1555.332,-1431.833;
1567.173,-1417.214;
1578.61,-1402.857;
1590.19,-1388.073;
1601.386,-1373.535;
1612.697,-1358.598;
1623.655,-1343.878;
1634.635,-1328.876;
1645.416,-1313.889;
1656.104,-1298.775;
1666.925,-1283.201;
1677.09,-1268.314;
1687.389,-1252.966;
1697.558,-1237.542;
1707.596,-1222.044;
1717.616,-1206.293;
1727.361,-1190.693;
1736.921,-1175.111;
1746.432,-1159.324;
1755.813,-1143.462;
1765.054,-1127.543;
1774.165,-1111.55;
1783.142,-1095.49;
1792.135,-1079.087;
1800.692,-1063.176;
1809.264,-1046.924;
1817.787,-1030.441;
1826.002,-1014.234;
1834.167,-997.7973;
1842.205,-981.2828;
1850.306,-964.2849;
1857.842,-948.1369;
1865.458,-931.471;
1872.937,-914.7491;
1880.362,-897.7789;
1887.481,-881.1446;
1894.591,-864.153;
1901.469,-847.3335;
1908.257,-830.345;
1915.792,-811.0059;
1922.343,-793.751;
1928.627,-776.7907;
1934.833,-759.6147;
1940.928,-742.3122;
1946.829,-725.116;
1952.607,-707.8269;
1958.25,-690.4798;
1963.751,-673.0925;
1969.111,-655.6659;
1974.406,-637.9373;
1979.403,-620.7004;
1984.336,-603.1626;
1989.126,-585.5898;
1993.774,-567.983;
1998.278,-550.3434;
2002.64,-532.6718;
2006.858,-514.9705;
2010.933,-497.2383;
2014.877,-479.4175;
2018.651,-461.6907;
2022.295,-443.8755;
2025.794,-426.0346;
2029.15,-408.1672;
2032.36,-390.2811;
2035.496,-371.9551;
2038.349,-354.4377;
2041.127,-336.4845;
2043.76,-318.5118;
2046.274,-300.3262;
2048.59,-282.5135;
2050.801,-264.3812;
2052.841,-246.4502;
2054.749,-228.3963;
2056.511,-210.3293;
2058.128,-192.2502;
2059.629,-173.7916;
2060.926,-156.061;
2062.107,-137.9519;
2063.142,-119.8359;
2064.039,-101.5526;
2064.776,-83.58237;
2065.375,-65.44395;
2065.827,-47.30276;
2066.135,-29.16969;
2066.296,-11.02806;
2066.31,7.483698;
2066.182,25.25805;
2065.906,43.4024;
2065.479,61.73633;
2064.912,79.83129;
2064.205,97.80356;
2063.346,115.9288;
2062.343,134.0473;
2061.189,152.2142;
2059.898,170.2603;
2058.458,188.3536;
2056.872,206.4342;
2055.141,224.5049;
2053.228,242.9018;
2051.243,260.6055;
2049.049,278.8497;
2046.764,296.6453;
2044.289,314.77;
2041.706,332.6148;
2038.959,350.5782;
2036.067,368.5186;
2033.034,386.4221;
2029.854,404.315;
2026.529,422.1866;
2023.061,440.0319;
2019.448,457.8527;
2015.692,475.6462;
2011.792,493.4131;
2007.748,511.1516;
2003.51,529.0728;
1999.23,546.5378;
1994.756,564.1844;
1990.124,581.8566;
1985.378,599.3871;
1980.479,616.9221;
1975.434,634.4317;
1970.247,651.9044;
1964.818,669.6637;
1959.448,686.7343;
1953.836,704.0901;
1948.027,721.5684;
1942.188,738.6769;
1936.152,755.9065;
1929.975,773.0967;
1923.654,790.2463;
1917.203,807.3254;
1910.467,824.729;
1903.87,841.3696;
1896.994,858.3186;
1889.979,875.2171;
1882.826,892.0632;
1875.534,908.8578;
1868.035,925.7504;
1860.535,942.2842;
1852.807,958.9618;
1844.985,975.4907;
1836.791,992.4446;
1828.889,1008.462;
1820.635,1024.859;
1812.246,1041.196;
1803.721,1057.47;
1795.06,1073.682;
1786.265,1089.83;
1777.335,1105.913;
1768.272,1121.929;
1759.074,1137.878;
1749.711,1153.813;
1740.275,1169.578;
1730.683,1185.311;
1720.954,1200.981;
1711.093,1216.58;
1701.101,1232.104;
1690.978,1247.553;
1680.725,1262.928;
1670.341,1278.226;
1659.828,1293.447;
1649.182,1308.593;
1638.416,1323.65;
1627.509,1338.641;
1616.49,1353.531;
1605.336,1368.348;
1594.056,1383.08;
1582.649,1397.729;
1570.915,1412.544;
1559.459,1426.767;
1547.676,1441.154;
1535.77,1455.453;
1523.74,1469.661;
1511.587,1483.779;
1499.313,1497.804;
1486.915,1511.736;
1474.397,1525.574;
1461.759,1539.316;
1449,1552.963;
1436.122,1566.512;
1423.124,1579.963;
1410.009,1593.315;
1396.749,1606.593;
1383.426,1619.716;
1369.959,1632.765;
1356.377,1645.709;
1342.68,1658.549;
1328.25,1671.849;
1314.319,1684.474;
1300.277,1696.99;
1286.122,1709.397;
1271.698,1721.83;
1257.478,1733.883;
1242.991,1745.959;
1228.393,1757.924;
1213.688,1769.774;
1198.873,1781.511;
1183.922,1793.156;
1168.916,1804.644;
1153.796,1816.022;
1138.558,1827.29;
1123.218,1838.439;
1107.774,1849.468;
1092.227,1860.375;
1076.295,1871.355;
1060.832,1881.822;
1044.983,1892.36;
1029.037,1902.772;
1012.615,1913.297;
996.8495,1923.217;
980.6107,1933.248;
964.2765,1943.15;
947.8477,1952.923;
931.3262,1962.563;
914.4814,1972.203;
898.0056,1981.449;
881.2081,1990.692;
864.1985,1999.866;
847.2765,2008.809;
830.2196,2017.641;
813.132,2026.308;
795.8953,2034.869;
778.0495,2043.543;
761.1685,2051.572;
743.6803,2059.712;
726.1104,2067.711;
708.4576,2075.568;
690.7311,2083.279;
672.7021,2090.939;
655.0356,2098.27;
637.0728,2105.546;
619.0354,2112.675;
600.8904,2119.668;
582.7007,2126.502;
564.4807,2133.172;
546.1523,2139.705;
527.7542,2146.086;
509.2886,2152.315;
490.7546,2158.392;
472.1545,2164.315;
453.4894,2170.084;
434.7606,2175.698;
415.9692,2181.155;
396.816,2186.539;
378.2047,2191.599;
359.2331,2196.584;
340.2039,2201.41;
321.11,2206.078;
301.9299,2210.593;
282.7803,2214.927;
263.5378,2219.109;
243.734,2223.232;
224.8921,2226.986;
205.0866,2230.755;
186.0535,2234.206;
166.5643,2237.569;
147.0307,2240.766;
127.2773,2243.823;
107.8366,2246.659;
87.993,2249.378;
68.48026,2251.88;
48.74514,2254.238;
28.83853,2256.439;
9.169168,2258.442;
-10.66988,2260.289;
-30.59793,2261.968;
-50.44937,2263.467;
-70.36956,2264.797;
-90.32683,2265.954;
-110.31,2266.938;
-130.3164,2267.748;
-150.3468,2268.383;
-170.3985,2268.843;
-190.47,2269.127;
-210.7126,2269.236;
-230.6652,2269.168;
-250.7989,2268.923;
-270.92,2268.501;
-291.0728,2267.901;
-311.6983,2267.103;
-331.4796,2266.162;
-351.5648,2265.032;
-372.1435,2263.69;
-392.2396,2262.199;
-412.1188,2260.55;
-432.2993,2258.696;
-452.4855,2256.662;
-472.667,2254.448;
-492.8904,2252.046;
-513.0226,2249.474;
-533.1868,2246.716;
-553.3439,2243.776;
-574.0307,2240.567;
-593.6221,2237.35;
-993.3618,2132.04;
-1013.079,2124.782;
-1032.24,2117.531;
-1051.6,2110.004;
-1070.904,2102.296;
-1090.152,2094.406;
-1109.341,2086.336;
-1293.372,1998.037;
-1311.814,1988.041;
-1330.177,1977.87;
-1679.781,1736.778;
-1696.038,1723.038;
-1712.164,1709.147;
-1728.169,1695.098;
-1744.058,1680.885;
-1759.815,1666.522;
-1775.826,1651.647;
-1790.954,1637.325;
-1806.33,1622.496;
-1821.793,1607.298;
-1836.752,1592.317;
-1851.783,1576.976;
-1866.499,1561.673;
-1881.218,1546.078;
-1895.765,1530.37;
-1910.182,1514.504;
-1924.456,1498.496;
-1938.587,1482.343;
-1952.577,1466.043;
-1966.409,1449.616;
-1980.095,1433.046;
-1993.71,1416.24;
-2007.046,1399.456;
-2020.249,1382.512;
-2033.341,1365.379;
-2046.24,1348.161;
-2059.307,1330.367;
-2071.599,1313.289;
-2084.037,1295.663;
-2096.312,1277.911;
-2108.421,1260.037;
-2120.507,1241.826;
-2132.144,1223.922;
-2143.753,1205.685;
-2155.193,1187.332;
-2166.484,1168.824;
-2177.557,1150.279;
-2203.333,1105.479;
-2215.343,1083.766;
-2225.643,1064.684;
-2235.759,1045.506;
-2245.697,1026.22;
-2255.634,1006.471;
-2265.026,987.3488;
-2274.542,967.4977;
-2283.619,948.0884;
-2292.7,928.1749;
-2301.465,908.4559;
-2310.153,888.3922;
-2318.556,868.4642;
-2326.817,848.3372;
-2334.887,828.1262;
-2342.763,807.8329;
-2350.447,787.4594;
-2357.936,767.0077;
-2365.229,746.4796;
-2372.326,725.8772;
-2379.226,705.2025;
-2385.927,684.4597;
-2392.43,663.6464;
-2398.733,642.7667;
-2404.837,621.8229;
-2410.739,600.8169;
-2416.439,579.7507;
-2421.958,558.5439;
-2427.231,537.4464;
-2432.321,516.2125;
-2438.707,488.1979;
-2443.425,466.3621;
-2447.733,445.4497;
-2451.937,424.0075;
-2455.934,402.5226;
-2459.723,380.9996;
-2463.304,359.436;
-2466.677,337.8361;
-2469.842,316.2023;
-2472.798,294.532;
-2475.542,272.8437;
-2478.078,251.1209;
-2480.404,229.3728;
-2482.519,207.6039;
-2484.424,185.8093;
-2486.117,163.9985;
-2487.618,141.8817;
-2488.871,120.3316;
-2489.93,98.47768;
-2490.778,76.61382;
-2491.415,54.69471;
-2491.838,32.86749;
-2492.051,10.98705;
-2492.051,-10.98955;
-2491.839,-32.77493;
-2491.416,-54.65681;
-2490.781,-76.5213;
-2489.934,-98.3852;
-2488.875,-120.2415;
-2487.605,-142.0786;
-2486.124,-163.9133;
-2484.431,-185.7171;
-2482.528,-207.5094;
-2480.414,-229.2783;
-2478.047,-251.4019;
-2475.554,-272.7495;
-2472.809,-294.4426;
-2469.832,-316.2682;
-2466.692,-337.7423;
-2463.32,-359.34;
-2459.734,-380.9342;
-2455.951,-402.4293;
-2451.955,-423.9143;
-2447.752,-445.3568;
-2443.265,-467.1213;
-2438.728,-488.1054;
-2433.551,-510.9438;
-2428.882,-530.658;
-2423.653,-551.8556;
-2418.18,-573.1493;
-2412.584,-594.0828;
-2406.747,-615.1083;
-2400.542,-636.6406;
-2394.469,-656.9703;
-2388.03,-677.8051;
-2381.392,-698.5723;
-2374.555,-719.2697;
-2367.521,-739.8954;
-2360.29,-760.4475;
-2352.864,-780.924;
-2345.24,-801.3293;
-2337.428,-821.6418;
-2329.404,-841.9211;
-2321.221,-862.0314;
-2312.829,-882.1044;
-2304.25,-902.0814;
-2295.272,-922.4412;
-2286.524,-941.7724;
-2277.378,-961.4847;
-2268.051,-981.0936;
-2258.534,-1000.614;
-2248.838,-1020.028;
-2238.957,-1039.35;
-2228.875,-1058.605;
-2218.655,-1077.678;
-2208.237,-1096.68;
-2197.638,-1115.583;
-2186.867,-1134.368;
-2175.858,-1153.151;
-2164.586,-1171.964;
-2153.504,-1190.066;
-2142.039,-1208.403;
-2130.309,-1226.77;
-2118.603,-1244.72;
-2106.607,-1262.738;
-2094.498,-1280.556;
-2082.198,-1298.292;
-2069.737,-1315.897;
-2057.114,-1333.379;
-2044.102,-1351.039;
-2031.39,-1367.954;
-2018.291,-1385.045;
-2004.917,-1402.156;
-1991.63,-1418.828;
-1978.02,-1435.578;
-1964.359,-1452.07;
-1950.5,-1468.484;
-1936.494,-1484.755;
-1922.34,-1500.888;
-1907.898,-1517.038;
-1893.602,-1532.724;
-1879.02,-1548.425;
-1864.276,-1564.004;
-1849.439,-1579.388;
-1834.443,-1594.647;
-1819.312,-1609.756;
-1803.747,-1625.007;
-1788.653,-1639.52;
-1757.363,-1668.775;
-1741.58,-1683.119;
-1725.677,-1697.303;
-1709.651,-1711.329;
-1693.502,-1725.198;
-1677.234,-1738.908;
-1660.849,-1752.457;
-1644.347,-1765.844;
-1627.732,-1779.069;
-1610.868,-1792.235;
-1594.167,-1805.026;
-1577.219,-1817.758;
-1560.164,-1830.325;
-1543.004,-1842.724;
-1525.741,-1854.956;
-1508.375,-1867.019;
-1490.91,-1878.914;
-1473.347,-1890.638;
-1455.687,-1902.192;
-1437.933,-1913.574;
-1420.086,-1924.785;
-1402.113,-1935.844;
-1384.123,-1946.686;
-1366.009,-1957.377;
-1347.809,-1967.893;
-1329.176,-1978.43;
-1311.161,-1988.399;
-1292.718,-1998.388;
-1274.194,-2008.2;
-1255.463,-2017.903;
-1236.841,-2027.333;
-1218.157,-2036.581;
-1199.356,-2045.675;
-1180.052,-2054.792;
-1161.515,-2063.34;
-1142.495,-2071.904;
-1123.037,-2080.45;
-1104.27,-2088.489;
-1084.781,-2096.629;
-1064.425,-2104.906;
-1046.483,-2112.013;
-1026.692,-2119.651;
-1007.683,-2126.789;
-988.2056,-2133.904;
-968.6791,-2140.837;
-949.1055,-2147.587;
-929.4864,-2154.156;
-909.8235,-2160.541;
-890.1122,-2166.746;
-870.23,-2172.807;
-850.5906,-2178.602;
-830.7729,-2184.255;
-810.9183,-2189.727;
-791.0307,-2195.015;
-771.1119,-2200.12;
-751.1635,-2205.042;
-731.1873,-2209.781;
-711.1852,-2214.338;
-691.1588,-2218.711;
-671.1097,-2222.901;
-651.04,-2226.909;
-630.9512,-2230.734;
-610.845,-2234.377;
-590.7253,-2237.836;
-570.5895,-2241.115;
-550.4415,-2244.21;
-530.2828,-2247.125;
-510.1152,-2249.857;
-489.9405,-2252.408;
-469.7624,-2254.778;
-449.5783,-2256.967;
-428.9797,-2259.014;
-409.2049,-2260.802;
-389.0189,-2262.45;
-368.8356,-2263.918;
-348.6567,-2265.207;
-328.4836,-2266.316;
-308.3115,-2267.247;
-288.1617,-2267.999;
-268.0159,-2268.573;
-247.5087,-2268.975;
-227.7629,-2269.188;
-207.6499,-2269.231;
-187.5649,-2269.097;
-167.5049,-2268.787;
-147.4561,-2268.302;
-127.429,-2267.641;
-107.4271,-2266.807;
-87.44759,-2265.798;
-67.48983,-2264.615;
-47.55532,-2263.259;
-27.67147,-2261.732;
-7.805155,-2260.033;
12.02704,-2258.162;
31.82798,-2256.12;
51.59406,-2253.908;
71.32386,-2251.526;
91.02666,-2248.974;
110.669,-2246.256;
130.2793,-2243.369;
149.8499,-2240.315;
169.3772,-2237.094;
188.8599,-2233.708;
208.2966,-2230.156;
227.6964,-2226.438;
247.0244,-2222.56;
266.315,-2218.516;
285.5961,-2214.301;
304.741,-2209.942;
323.8716,-2205.414;
342.9491,-2200.724;