0,0;
44525.55,5.405401;
44525.55,10.8108;
44525.54,33.56921;
44525.49,73.76375;
44525.48,78.24157;
44525.47,82.71893;
44525.46,87.19651;
44525.46,91.674;
44525.45,96.15143;
44525.44,100.6288;
44525.43,105.1063;
44525.41,109.5838;
44525.41,114.0612;
44525.39,118.5386;
44525.38,123.0895;
44525.37,127.4933;
44525.36,132.0347;
44525.34,136.5079;
44525.33,140.9711;
44525.31,145.4413;
44525.3,149.881;
44525.28,154.371;
44525.27,158.8358;
44525.25,163.3132;
44525.23,167.7906;
44525.21,172.2679;
44525.2,176.7455;
44525.18,181.223;
44525.16,185.7004;
44525.14,190.1778;
44525.13,194.6552;
44525.11,199.1326;
44525.09,203.6103;
44525.07,208.0876;
44525.05,212.5649;
44525.03,217.0422;
44525,221.5199;
44524.98,225.9972;
44524.96,230.4749;
44524.93,234.9521;
44524.91,239.4421;
44524.89,243.9067;
44524.86,248.3842;
44524.84,252.8617;
44524.81,257.3392;
44524.79,261.8162;
44524.76,266.2938;
44524.73,270.7713;
44524.71,275.2492;
44524.68,279.726;
44524.65,284.2041;
44524.62,288.6809;
44524.59,293.2433;
44524.56,297.6356;
44524.54,302.1141;
44524.5,306.5901;
44524.47,311.0968;
44524.44,315.5578;
44524.41,320.023;
44524.38,324.4998;
44524.34,329.0818;
44524.31,333.4545;
44524.28,337.932;
44524.25,342.4093;
44524.21,346.8864;
44524.18,351.4015;
44524.14,355.8657;
44524.11,360.3303;
44524.07,364.7957;
44524.03,369.2733;
44523.99,373.7505;
44523.96,378.2278;
44523.92,382.7584;
44523.88,387.1823;
44523.84,391.6834;
44523.8,396.1534;
44523.77,400.6143;
44523.72,405.0916;
44523.68,409.5689;
44523.64,414.0462;
44523.6,418.6089;
44523.56,423.0008;
44523.52,427.5386;
44523.47,431.9553;
44523.43,436.4677;
44523.39,440.9099;
44523.34,445.402;
44523.3,449.8643;
44523.25,454.3415;
44523.21,458.8228;
44523.16,463.2981;
44523.11,467.7733;
44523.07,472.346;
44523.02,476.8197;
44522.97,481.2048;
44522.93,485.7549;
44522.88,490.1594;
44522.83,494.6367;
44522.78,499.1372;
44522.73,503.6103;
44522.68,508.0681;
44522.63,512.5455;
44522.58,517.0226;
44522.52,521.4998;
44522.47,526.0529;
44522.42,530.4543;
44522.36,534.9883;
44522.31,539.4085;
44522.25,543.8856;
44522.21,548.3627;
44522.15,552.8398;
44522.09,557.317;
44522.04,561.7942;
44521.98,566.2712;
44521.93,570.7481;
44521.87,575.3018;
44521.81,579.7025;
44521.75,584.1797;
44521.7,588.6566;
44521.63,593.1339;
44521.57,597.6108;
44521.52,602.1075;
44521.45,606.565;
44521.4,611.045;
44521.34,615.519;
44521.27,619.9963;
44521.21,624.5992;
44521.15,628.9504;
44521.08,633.528;
44521.02,637.9045;
44520.96,642.3813;
44520.89,646.9608;
44520.83,651.3356;
44520.76,655.848;
44520.7,660.4529;
44520.63,664.7665;
44520.57,669.2435;
44520.5,673.7204;
44520.43,678.2318;
44520.36,682.6744;
44520.3,687.1513;
44520.23,691.6283;
44520.16,696.1129;
44520.09,700.5837;
44520.02,705.0592;
44519.95,709.5361;
44519.88,714.0129;
44519.8,718.4901;
44519.73,723.0443;
44519.66,727.4439;
44519.59,731.9207;
44519.52,736.3976;
44519.44,740.8744;
44519.37,745.3514;
44519.3,749.8282;
44519.22,754.3051;
44519.14,758.79;
44519.07,763.2587;
44518.99,767.7371;
44518.92,772.2125;
44518.84,776.6893;
44518.76,781.1661;
44518.68,785.6452;
44518.6,790.1196;
44518.52,794.647;
44518.45,799.0734;
44518.37,803.5499;
44518.29,808.0471;
44518.2,812.5035;
44518.12,816.9801;
44518.04,821.457;
44517.96,825.9904;
44517.88,830.4103;
44517.79,834.887;
44517.71,839.3665;
44517.63,843.8792;
44517.54,848.3171;
44517.46,852.794;
44517.37,857.2757;
44517.29,861.7471;
44517.2,866.2551;
44517.11,870.7004;
44517.03,875.1771;
44516.94,879.6539;
44516.86,884.1302;
44516.76,888.7017;
44516.67,893.1697;
44516.58,897.6257;
44516.5,902.0367;
44516.41,906.5577;
44516.32,911.0116;
44516.22,915.4665;
44516.13,919.9431;
44516.04,924.4195;
44515.95,928.896;
44515.86,933.4327;
44515.76,937.8491;
44515.67,942.3255;
44515.57,946.826;
44515.48,951.2786;
44515.38,955.761;
44515.29,960.2315;
44515.2,964.708;
44515.1,969.1846;
44515,973.6608;
44514.9,978.1373;
44514.8,982.6706;
44514.71,987.0903;
44514.61,991.5665;
44514.51,996.0452;
44514.41,1000.633;
44514.31,1005.096;
44514.21,1009.48;
44514.11,1013.949;
44514,1018.493;
44513.91,1022.901;
44513.8,1027.377;
44513.7,1031.854;
44513.6,1036.34;
44513.5,1040.807;
44513.39,1045.285;
44513.29,1049.759;
44513.18,1054.235;
44513.08,1058.713;
44512.97,1063.188;
44512.86,1067.773;
44512.76,1072.14;
44512.66,1076.617;
44512.55,1081.092;
44512.43,1085.625;
44512.32,1090.093;
44512.22,1094.529;
44512.11,1099.018;
44512,1103.474;
44511.89,1107.949;
44511.78,1112.436;
44511.67,1116.902;
44511.55,1121.378;
44511.45,1125.854;
44511.33,1130.417;
44511.22,1134.806;
44511.11,1139.282;
44510.99,1143.799;
44510.88,1148.234;
44510.76,1152.748;
44510.65,1157.226;
44510.54,1161.705;
44510.42,1166.138;
44510.3,1170.614;
44510.19,1175.094;
44510.06,1179.7;
44509.95,1184.042;
44509.83,1188.532;
44509.71,1192.994;
44509.59,1197.472;
44509.47,1201.958;
44509.36,1206.422;
44509.23,1210.897;
44509.11,1215.373;
44509,1219.849;
44508.87,1224.325;
44508.75,1228.806;
44508.63,1233.277;
44508.5,1237.752;
44508.38,1242.229;
44508.25,1246.704;
44508.13,1251.18;
44508,1255.655;
44507.88,1260.196;
44507.76,1264.607;
44507.63,1269.083;
44507.5,1273.558;
44507.37,1278.034;
44507.25,1282.51;
44507.12,1286.986;
44506.99,1291.461;
44506.86,1295.937;
44506.73,1300.412;
44506.6,1304.888;
44506.47,1309.364;
44506.34,1313.839;
44506.21,1318.314;
44506.08,1322.79;
44505.95,1327.267;
44505.81,1331.741;
44505.68,1336.217;
44505.55,1340.692;
44505.41,1345.168;
44505.28,1349.643;
44505.14,1354.17;
44505.01,1358.594;
44504.88,1363.069;
44504.74,1367.545;
44504.6,1372.027;
44504.46,1376.5;
44504.33,1380.972;
44504.19,1385.446;
44504.05,1389.922;
44503.91,1394.397;
44503.77,1398.882;
44503.64,1403.348;
44503.5,1407.823;
44503.35,1412.36;
44503.21,1416.774;
44503.07,1421.249;
44502.93,1425.724;
44502.79,1430.2;
44502.65,1434.675;
44502.5,1439.253;
44502.36,1443.625;
44502.21,1448.178;
44502.07,1452.575;
44501.93,1457.051;
44501.78,1461.526;
44501.63,1466.031;
44501.49,1470.476;
44501.34,1474.952;
44501.2,1479.427;
44501.04,1484.02;
44500.9,1488.376;
44500.75,1492.865;
44500.6,1497.326;
44500.45,1501.801;
44500.3,1506.276;
44500.15,1510.85;
44500,1515.226;
44499.85,1519.701;
44499.7,1524.176;
44499.54,1528.713;
44499.39,1533.126;
44499.24,1537.601;
44499.09,1542.12;
44498.93,1546.551;
44498.78,1551.047;
44498.63,1555.506;
44498.47,1559.975;
44498.31,1564.449;
44498.16,1569.008;
44498,1573.399;
44497.84,1577.874;
44497.69,1582.389;
44497.53,1586.823;
44497.37,1591.298;
44497.21,1595.778;
44497.05,1600.247;
44496.89,1604.722;
44496.73,1609.202;
44496.57,1613.671;
44496.41,1618.146;
44496.25,1622.62;
44496.09,1627.095;
44495.93,1631.569;
44495.77,1636.044;
44495.6,1640.518;
44495.43,1644.993;
44495.27,1649.468;
44495.11,1653.942;
44494.95,1658.417;
44494.78,1662.904;
44494.61,1667.365;
44494.45,1671.84;
44494.28,1676.314;
44494.11,1680.789;
44493.95,1685.263;
44493.77,1689.781;
44493.61,1694.212;
44493.44,1698.686;
44493.27,1703.16;
44493.09,1707.744;
44492.93,1712.109;
44492.76,1716.583;
44492.58,1721.127;
44492.41,1725.532;
44492.24,1730.046;
44492.07,1734.48;
44491.9,1738.973;
44491.72,1743.428;
44491.55,1747.902;
44491.38,1752.377;
44491.2,1756.851;
44491.03,1761.325;
44490.84,1765.877;
44490.68,1770.273;
44490.49,1774.798;
44490.32,1779.221;
44490.14,1783.695;
44489.96,1788.169;
44489.79,1792.643;
44489.61,1797.116;
44489.43,1801.59;
44489.25,1806.064;
44489.07,1810.538;
44488.89,1815.012;
44488.71,1819.486;
44488.53,1823.96;
44488.34,1828.434;
44488.16,1832.907;
44487.98,1837.395;
44487.8,1841.859;
44487.61,1846.328;
44487.42,1850.911;
44487.24,1855.276;
44487.06,1859.75;
44486.87,1864.306;
44486.69,1868.698;
44486.5,1873.17;
44486.31,1877.714;
44486.13,1882.118;
44485.93,1886.635;
44485.75,1891.065;
44485.56,1895.559;
44485.37,1900.012;
44485.18,1904.486;
44484.99,1908.959;
44484.8,1913.549;
44484.61,1917.906;
44484.42,1922.38;
44484.23,1926.852;
44484.03,1931.407;
44483.84,1935.799;
44483.65,1940.274;
44483.45,1944.795;
44483.26,1949.219;
44483.07,1953.692;
44482.88,1958.188;
44482.68,1962.644;
44482.48,1967.113;
44482.28,1971.704;
44482.09,1976.059;
44481.89,1980.532;
44481.7,1985.006;
44481.49,1989.577;
44481.3,1993.952;
44481.09,1998.489;
44480.9,2002.898;
44480.7,2007.371;
44480.49,2012.085;
44480.3,2016.317;
44480.1,2020.79;
44479.89,2025.353;
44479.69,2029.735;
44479.49,2034.209;
44479.29,2038.682;
44479.09,2043.218;
44478.88,2047.627;
44478.68,2052.143;
44478.47,2056.573;
44478.27,2061.056;
44478.06,2065.519;
44477.86,2069.991;
44477.65,2074.464;
44477.45,2078.937;
44477.23,2083.41;
44477.03,2087.883;
44476.82,2092.413;
44476.61,2096.828;
44476.4,2101.326;
44476.19,2105.784;
44475.98,2110.246;
44475.77,2114.718;
44475.56,2119.191;
44475.35,2123.663;
44475.14,2128.235;
44474.93,2132.608;
44474.71,2137.166;
44474.5,2141.553;
44474.29,2146.026;
44474.07,2150.498;
44473.86,2154.983;
44473.64,2159.449;
44473.43,2163.915;
44473.21,2168.407;
44473,2172.86;
44472.78,2177.332;
44472.56,2181.819;
44472.34,2186.276;
44472.13,2190.805;
44471.91,2195.221;
44471.69,2199.74;
44471.47,2204.165;
44471.25,2208.657;
44471.03,2213.109;
44470.81,2217.582;
44470.59,2222.053;
44470.37,2226.526;
44470.14,2231.103;
44469.92,2235.558;
44469.7,2239.942;
44469.47,2244.469;
44469.25,2248.886;
44469.02,2253.404;
44468.8,2257.829;
44468.57,2262.333;
44468.32,2267.518;
44468.09,2271.992;
44466.74,2298.522;
44466.51,2303;
44466.28,2307.474;
44466.05,2311.938;
44465.82,2316.409;
44465.59,2320.881;
44465.35,2325.436;
44465.13,2329.824;
44464.89,2334.345;
44464.66,2338.812;
44464.42,2343.266;
44464.19,2347.71;
44463.96,2352.181;
44463.72,2356.652;
44463.49,2361.125;
44463.25,2365.595;
44463.02,2370.067;
44462.77,2374.623;
44462.54,2379.009;
44462.31,2383.48;
44462.07,2387.994;
44461.83,2392.423;
44461.59,2396.906;
44461.36,2401.375;
44460.84,2411.015;
44455.91,2500.971;
44455.66,2505.476;
44455.41,2509.96;
44455.16,2514.384;
44454.91,2518.854;
44454.66,2523.325;
44454.41,2527.795;
44454.15,2532.381;
44453.91,2536.736;
44453.65,2541.206;
44453.4,2545.677;
44453.14,2550.226;
44452.87,2554.984;
44452.64,2559.088;
44452.39,2563.561;
44452.13,2568.029;
44451.87,2572.585;
44451.61,2576.969;
44451.35,2581.505;
44451.1,2585.909;
44450.84,2590.379;
44450.58,2594.849;
44450.33,2599.343;
44450.06,2603.789;
44449.81,2608.259;
44449.54,2612.842;
44449.29,2617.199;
44449.03,2621.669;
44448.76,2626.211;
44448.5,2630.609;
44448.24,2635.13;
44447.98,2639.549;
44447.71,2644.018;
44447.45,2648.488;
44447.18,2652.958;
44446.91,2657.547;
44446.66,2661.897;
44446.39,2666.367;
44446.12,2670.92;
44445.86,2675.306;
44445.59,2679.832;
44445.32,2684.282;
44445.05,2688.717;
44444.79,2693.185;
44444.52,2697.654;
44444.25,2702.201;
44443.98,2706.593;
44443.71,2711.123;
44443.44,2715.579;
44443.17,2720.001;
44442.9,2724.47;
44442.63,2728.957;
44442.36,2733.423;
44442.09,2737.878;
44441.81,2742.347;
44441.54,2746.817;
44441.26,2751.288;
44440.99,2755.76;
44440.71,2760.224;
44440.44,2764.693;
44440.16,2769.162;
44439.89,2773.631;
44439.61,2778.1;
44439.34,2782.569;
44439.05,2787.039;
44438.78,2791.507;
44438.5,2795.976;
44438.22,2800.445;
44437.94,2804.914;
44437.66,2809.382;
44437.38,2813.851;
44437.11,2818.32;
44436.82,2822.789;
44436.54,2827.312;
44436.26,2831.726;
44435.97,2836.245;
44435.69,2840.663;
44435.41,2845.177;
44435.13,2849.601;
44434.84,2854.084;
44434.56,2858.538;
44434.27,2863.006;
44433.98,2867.587;
44433.7,2871.943;
44433.41,2876.411;
44433.13,2880.88;
44432.84,2885.348;
44432.55,2889.868;
44432.26,2894.323;
44431.98,2898.753;
44431.69,2903.221;
44431.39,2907.691;
44431.11,2912.158;
44430.82,2916.626;
44430.52,2921.094;
44430.23,2925.639;
44429.95,2930.03;
44429.65,2934.499;
44429.36,2939.012;
44429.07,2943.434;
44428.77,2947.902;
44428.48,2952.375;
44428.18,2956.963;
44427.89,2961.306;
44427.6,2965.774;
44427.3,2970.242;
44427,2974.761;
44426.71,2979.177;
44426.41,2983.674;
44426.11,2988.113;
44425.81,2992.582;
44425.48,2997.655;
44425.17,3002.167;
44424.88,3006.59;
44424.58,3011.058;
44424.28,3015.547;
44423.97,3019.997;
44423.68,3024.46;
44423.38,3028.928;
44423.07,3033.395;
44422.77,3037.863;
44422.46,3042.397;
44422.16,3046.797;
44421.86,3051.264;
44421.55,3055.731;
44421.25,3060.199;
44420.95,3064.667;
44420.64,3069.133;
44420.33,3073.6;
44420.03,3078.068;
44419.72,3082.55;
44419.41,3087.001;
44419.11,3091.469;
44418.8,3095.936;
44418.49,3100.404;
44418.18,3104.87;
44417.86,3109.44;
44417.56,3113.803;
44417.25,3118.27;
44416.94,3122.737;
44416.63,3127.252;
44416.32,3131.67;
44416,3136.164;
44415.69,3140.604;
44415.38,3145.07;
44415.07,3149.537;
44414.75,3154.004;
44414.43,3158.561;
44414.12,3162.937;
44413.8,3167.403;
44413.49,3171.869;
44413.17,3176.375;
44412.86,3180.802;
44412.54,3185.27;
44412.22,3189.737;
44411.91,3194.201;
44411.59,3198.667;
44411.26,3203.224;
44410.95,3207.6;
44410.63,3212.067;
44410.3,3216.581;
44409.98,3221.037;
44409.67,3225.464;
44409.34,3229.93;
44409.02,3234.396;
44408.7,3238.876;
44408.38,3243.328;
44408.05,3247.794;
44407.73,3252.26;
44407.4,3256.726;
44407.07,3261.276;
44406.76,3265.658;
44406.43,3270.178;
44406.11,3274.59;
44405.77,3279.087;
44405.45,3283.52;
44405.13,3287.988;
44404.8,3292.455;
44404.47,3296.917;
44404.14,3301.382;
44403.81,3305.848;
44403.48,3310.313;
44403.15,3314.779;
44402.82,3319.244;
44402.49,3323.709;
44402.16,3328.175;
44401.82,3332.694;
44401.49,3337.105;
44401.16,3341.57;
44400.82,3346.05;
44400.49,3350.503;
44400.16,3354.966;
44399.83,3359.431;
44399.49,3363.896;
44399.15,3368.444;
44398.82,3372.825;
44398.48,3377.29;
44398.14,3381.798;
44397.81,3386.221;
44397.47,3390.685;
44397.13,3395.151;
44396.8,3399.619;
44396.46,3404.08;
44396.11,3408.639;
44395.78,3413.01;
44395.44,3417.474;
44395.1,3421.939;
44394.76,3426.403;
44394.41,3430.868;
44394.07,3435.373;
44393.73,3439.797;
44393.39,3444.274;
44393.04,3448.727;
44392.69,3453.309;
44392.36,3457.655;
44392.01,3462.119;
44391.67,3466.583;
44391.32,3471.048;
44390.97,3475.512;
44390.63,3479.976;
44390.28,3484.44;
44389.94,3488.904;
44389.59,3493.368;
44389.23,3497.847;
44388.89,3502.298;
44388.54,3506.76;
44388.19,3511.224;
44387.84,3515.688;
44387.49,3520.152;
44387.14,3524.616;
44386.79,3529.079;
44386.43,3533.543;
44386.08,3538.007;
44385.73,3542.472;
44385.38,3546.934;
44385.02,3551.401;
44384.67,3555.861;
44384.32,3560.325;
44383.96,3564.789;
44383.61,3569.252;
44383.24,3573.793;
44382.89,3578.179;
44382.54,3582.642;
44382.18,3587.106;
44381.82,3591.569;
44381.46,3596.032;
44381.11,3600.495;
44380.75,3604.958;
44380.39,3609.422;
44380.03,3613.885;
44379.67,3618.348;
44379.3,3622.811;
44378.94,3627.274;
44378.58,3631.737;
44378.22,3636.209;
44377.86,3640.663;
44377.5,3645.126;
44377.13,3649.589;
44376.77,3654.052;
44376.39,3658.713;
44376.02,3663.176;
44375.66,3667.639;
44375.29,3672.102;
44374.93,3676.614;
44374.56,3681.027;
44374.2,3685.49;
44373.83,3689.952;
44373.46,3694.415;
44373.09,3698.878;
44372.72,3703.349;
44372.35,3707.805;
44371.98,3712.264;
44371.61,3716.726;
44371.24,3721.188;
44370.88,3725.651;
44370.5,3730.113;
44370.12,3734.656;
44369.76,3739.037;
44369.38,3743.499;
44369.01,3747.961;
44368.63,3752.528;
44368.26,3756.885;
44367.89,3761.347;
44367.51,3765.809;
44367.14,3770.271;
44366.77,3774.733;
44366.38,3779.256;
44366.01,3783.656;
44365.63,3788.118;
44365.25,3792.612;
44364.88,3797.06;
44364.5,3801.519;
44364.12,3805.964;
44363.74,3810.426;
44363.35,3815.022;
44362.98,3819.349;
44362.6,3823.811;
44362.22,3828.272;
44361.84,3832.734;
44361.46,3837.194;
44361.07,3841.711;
44360.69,3846.117;
44360.3,3850.578;
44359.92,3855.039;
44359.54,3859.508;
44359.15,3863.97;
44358.77,3868.422;
44358.38,3872.883;
44358,3877.344;
44357.61,3881.805;
44357.22,3886.266;
44356.84,3890.727;
44356.45,3895.188;
44356.06,3899.648;
44355.67,3904.109;
44355.27,3908.641;
44354.89,3913.031;
44354.5,3917.491;
44354.11,3921.952;
44353.72,3926.414;
44353.33,3930.884;
44352.93,3935.334;
44352.54,3939.794;
44352.14,3944.371;
44351.76,3948.715;
44351.36,3953.269;
44350.97,3957.635;
44350.58,3962.096;
44350.18,3966.556;
44349.79,3971.056;
44349.39,3975.476;
44348.99,3979.978;
44348.6,3984.396;
44348.2,3988.856;
44347.8,3993.347;
44347.41,3997.776;
44347.01,4002.236;
44346.61,4006.709;
44346.21,4011.158;
44345.81,4015.616;
44345.41,4020.076;
44345.01,4024.535;
44344.61,4028.995;
44344.2,4033.454;
44343.8,4037.914;
44343.4,4042.374;
44342.99,4046.867;
44342.59,4051.292;
44342.19,4055.755;
44341.79,4060.211;
44341.38,4064.672;
44340.96,4069.234;
44340.57,4073.609;
44340.16,4078.048;
44339.75,4082.595;
44339.34,4087.035;
44338.94,4091.427;
44338.54,4095.884;
44338.13,4100.343;
44337.72,4104.802;
44337.31,4109.271;
44336.9,4113.72;
44336.49,4118.179;
44336.08,4122.638;
44335.66,4127.216;
44335.26,4131.555;
44326.88,4221.259;
44326.46,4225.775;
44326.04,4230.175;
44325.62,4234.633;
44325.2,4239.09;
44324.77,4243.548;
44324.35,4248.006;
44320.2,4291.559;
44319.77,4296.016;
44319.34,4300.474;
44310.63,4390.145;
44310.2,4394.604;
44309.76,4399.059;
44309.32,4403.514;
44308.88,4407.971;
44308.44,4412.426;
44307.99,4416.99;
44307.56,4421.338;
44307.12,4425.794;
44306.67,4430.314;
44306.23,4434.726;
44305.79,4439.199;
44305.35,4443.618;
44304.91,4448.079;
44304.46,4452.531;
44304.02,4456.986;
44303.58,4461.441;
44303.13,4465.896;
44302.69,4470.354;
44302.24,4474.807;
44301.8,4479.262;
44301.35,4483.743;
44300.9,4488.182;
44300.45,4492.628;
44300,4497.089;
44299.56,4501.539;
44299.1,4506.102;
44298.66,4510.449;
44298.21,4514.904;
44297.76,4519.359;
44297.31,4523.813;
44296.86,4528.321;
44296.41,4532.724;
44295.96,4537.178;
44295.5,4541.633;
44295.05,4546.097;
44294.6,4550.542;
44293.52,4561.173;
44293,4566.273;
44292.54,4570.729;
44292.09,4575.183;
44291.63,4579.637;
44291.16,4584.175;
44290.71,4588.546;
44290.25,4593.062;
44289.8,4597.455;
44289.34,4601.941;
44288.88,4606.363;
44288.42,4610.842;
44287.96,4615.271;
44287.51,4619.726;
44287.04,4624.179;
44286.58,4628.633;
44286.12,4633.087;
44285.66,4637.541;
44285.2,4641.995;
44284.73,4646.448;
44284.27,4650.903;
44283.81,4655.356;
44283.34,4659.81;
44282.88,4664.263;
44282.41,4668.716;
44281.95,4673.17;
44281.48,4677.623;
44281.02,4682.094;
44280.55,4686.53;
44280.09,4690.983;
44279.47,4696.842;
44278.99,4701.396;
44278.53,4705.749;
44278.07,4710.202;
44277.59,4714.655;
44277.13,4719.108;
44276.66,4723.561;
44276.18,4728.014;
44275.71,4732.467;
44275.24,4736.921;
44274.77,4741.373;
44274.3,4745.825;
44273.82,4750.278;
44273.35,4754.73;
44272.88,4759.183;
44272.4,4763.635;
44271.92,4768.147;
44271.45,4772.541;
44270.98,4776.993;
44270.5,4781.445;
44270.02,4785.907;
44269.54,4790.35;
44269.07,4794.802;
44268.59,4799.273;
44268.11,4803.707;
44267.63,4808.16;
44267.15,4812.61;
44266.67,4817.062;
44266.19,4821.515;
44265.71,4825.965;
44265.23,4830.419;
44264.75,4834.87;
44264.27,4839.322;
44263.79,4843.773;
44263.29,4848.302;
44262.82,4852.676;
44262.34,4857.128;
44261.85,4861.612;
44261.37,4866.031;
44260.88,4870.482;
44260.39,4874.939;
44259.91,4879.384;
44259.43,4883.836;
44258.94,4888.287;
44258.45,4892.815;
44257.96,4897.189;
44257.44,4901.961;
44256.99,4906.092;
44256.5,4910.542;
44256.01,4915.025;
44255.52,4919.444;
44255.03,4923.895;
44254.52,4928.467;
44254.05,4932.797;
44253.55,4937.247;
44253.06,4941.698;
44252.57,4946.148;
44252.08,4950.599;
44251.59,4955.049;
44251.09,4959.5;
44250.59,4963.952;
44250.1,4968.4;
44249.6,4972.86;
44249.11,4977.301;
44248.62,4981.751;
44248.12,4986.201;
44247.61,4990.756;
44247.12,4995.101;
44246.63,4999.552;
44246.13,5004.001;
44245.63,5008.452;
44245.13,5012.9;
44244.63,5017.351;
44244.13,5021.811;
44243.63,5026.251;
44243.13,5030.699;
44242.63,5035.15;
44242.13,5039.599;
44241.62,5044.073;
44241.11,5048.582;
44240.62,5052.946;
44240.11,5057.396;
44239.61,5061.881;
44239.11,5066.294;
44238.6,5070.753;
44238.09,5075.192;
44237.59,5079.642;
44237.08,5084.09;
44236.57,5088.54;
44236.06,5093.068;
44235.56,5097.437;
44235.05,5101.886;
44234.54,5106.375;
44234.04,5110.784;
44233.52,5115.249;
44233.02,5119.681;
44232.5,5124.13;
44232,5128.578;
44231.48,5133.026;
44230.97,5137.521;
44230.46,5141.924;
44229.95,5146.372;
44229.43,5150.827;
44228.92,5155.269;
44228.41,5159.717;
44227.89,5164.165;
44227.37,5168.7;
44226.86,5173.061;
44225.83,5181.989;
44225.31,5186.438;
44224.8,5190.885;
44224.28,5195.333;
44223.76,5199.781;
44223.24,5204.229;
44222.73,5208.676;
44222.2,5213.124;
44221.68,5217.571;
44221.16,5222.055;
44220.64,5226.466;
44220.13,5230.914;
44219.6,5235.361;
44219.08,5239.808;
44218.56,5244.256;
44218.04,5248.703;
44217.51,5253.149;
44216.99,5257.597;
44216.46,5262.044;
44215.94,5266.491;
44215.41,5270.938;
44214.89,5275.393;
44214.36,5279.832;
44213.84,5284.278;
44213.31,5288.725;
44212.77,5293.256;
44212.26,5297.618;
44211.73,5302.064;
44211.2,5306.511;
44210.67,5310.989;
44210.14,5315.423;
44209.61,5319.854;
44209.08,5324.296;
44208.54,5328.84;
44208.02,5333.188;
44207.49,5337.634;
44206.95,5342.168;
44206.43,5346.527;
44205.88,5351.038;
44205.32,5355.736;
44204.82,5359.865;
44204.28,5364.406;
44203.75,5368.755;
44203.22,5373.202;
44202.68,5377.647;
44202.15,5382.093;
44201.61,5386.539;
44201.07,5390.984;
44200.54,5395.431;
44200,5399.908;
44199.46,5404.32;
44198.92,5408.766;
44198.38,5413.211;
44197.84,5417.656;
44197.3,5422.101;
44196.76,5426.546;
44196.23,5430.992;
44195.68,5435.437;
44195.14,5439.881;
44194.6,5444.326;
44194.05,5448.771;
44193.51,5453.216;
44192.97,5457.661;
44192.43,5462.104;
44191.88,5466.549;
44191.34,5470.994;
44190.79,5475.438;
44190.25,5479.883;
44189.7,5484.327;
44189.15,5488.771;
44188.61,5493.216;
44188.04,5497.75;
44187.51,5502.104;
44186.96,5506.548;
44186.41,5510.992;
44185.86,5515.437;
44185.31,5519.88;
44184.76,5524.325;
44184.21,5528.768;
44183.66,5533.211;
44183.1,5537.737;
44182.56,5542.099;
44182.01,5546.545;
44181.45,5550.987;
44180.9,5555.429;
44180.34,5559.873;
44179.79,5564.316;
44179.24,5568.76;
44178.68,5573.203;
44178.13,5577.647;
44177.57,5582.093;
44177.02,5586.532;
44176.46,5590.976;
44175.9,5595.419;
44175.34,5599.862;
44174.79,5604.305;
44174.23,5608.748;
44173.66,5613.193;
44173.11,5617.634;
44172.55,5622.076;
44171.99,5626.519;
44171.43,5630.961;
44170.87,5635.404;
44170.3,5639.846;
44169.74,5644.291;
44169.18,5648.73;
44168.62,5653.172;
44168.05,5657.625;
44167.49,5662.058;
44166.93,5666.5;
44166.36,5670.942;
44165.78,5675.474;
44165.22,5679.881;
44164.66,5684.268;
44164.09,5688.742;
44163.53,5693.151;
44162.96,5697.594;
44162.39,5702.035;
44161.82,5706.476;
44161.26,5710.917;
44160.69,5715.359;