0,0;
1074.212,34.81664;
1072.531,69.59748;
1053.231,214.832;
972.0485,460.1658;
959.4251,486.1254;
946.1143,511.7385;
932.1229,536.991;
917.4617,561.8629;
902.1409,586.3368;
886.1711,610.3955;
869.5631,634.022;
852.3282,657.2001;
834.4796,679.9113;
816.0286,702.1407;
796.6714,724.2246;
777.373,745.0901;
756.9027,766.071;
736.1887,786.1902;
714.9905,805.7087;
693.2426,824.6878;
671.1466,842.9591;
648.3127,860.8378;
625.1362,878.0057;
601.4402,894.5977;
577.3046,910.5532;
552.7486,925.8592;
527.7859,940.5067;
502.4374,954.483;
476.7204,967.7782;
450.6526,980.3826;
424.2526,992.287;
397.5384,1003.483;
370.5281,1013.961;
343.2453,1023.714;
315.7054,1032.735;
287.9294,1041.016;
259.9347,1048.552;
231.7447,1055.336;
203.376,1061.364;
174.8539,1066.629;
146.1136,1071.141;
117.421,1074.86;
88.55042,1077.819;
59.60558,1080.003;
30.60782,1081.41;
1.58007,1082.038;
-27.46298,1081.888;
-56.49578,1080.958;
-85.50149,1079.248;
-114.4494,1076.76;
-143.333,1073.494;
-172.1156,1069.455;
-201.3309,1064.543;
-229.3255,1059.059;
-257.7155,1052.709;
-285.9136,1045.6;
-314.107,1037.679;
-341.7982,1029.088;
-369.2791,1019.747;
-396.5752,1009.644;
-424.2254,998.5446;
-450.3221,987.2446;
-476.7321,974.965;
-502.805,961.9774;
-528.5217,948.2912;
-554.0782,933.7905;
-578.9545,918.7736;
-603.4241,903.0905;
-627.4717,886.7502;
-651.139,869.72;
-674.3406,852.0569;
-697.0608,833.7729;
-719.5452,814.6512;
-740.9918,795.3922;
-762.2806,775.2156;
-782.8759,754.6122;
-802.8716,733.5026;
-822.3658,711.7797;
-841.2694,689.5363;
-859.5681,666.7883;
-877.5795,643.1046;
-894.2969,619.8459;
-910.9185,595.3557;
-926.449,571.0883;
-941.6444,545.8749;
-955.9291,520.6572;
-969.6837,494.7734;
-982.6489,468.6995;
-994.9483,442.196;
-1006.539,415.3425;
-1017.386,388.2207;
-1027.498,360.8146;
-1037.063,332.5384;
-1045.662,304.6282;
-1053.358,277.0535;
-1060.569,248.235;
-1066.794,220.1583;
-1072.355,191.4582;
-1077.161,162.4674;
-1081.157,133.5333;
-1084.36,104.6008;
-1086.793,75.46431;
-1088.438,46.27393;
-1089.294,17.04956;
-1089.354,-12.68394;
-1088.635,-41.41712;
-1087.097,-70.98499;
-1084.819,-99.75999;
-1081.731,-128.8323;
-1077.858,-157.8099;
-1073.204,-186.6716;
-1067.772,-215.3966;
-1061.567,-243.9634;
-1054.592,-272.3505;
-1046.854,-300.5365;
-1038.205,-328.9792;
-1029.109,-356.2292;
-1019.115,-383.6937;
-1008.385,-410.8747;
-996.9243,-437.7566;
-984.7438,-464.3153;
-971.7933,-490.6485;
-958.257,-516.3934;
-943.9613,-541.8901;
-929.0038,-566.9562;
-913.3652,-591.6257;
-896.6019,-616.5347;
-880.127,-639.6434;
-862.149,-663.4764;
-844.3543,-685.7883;
-825.5514,-708.1157;
-805.7037,-730.4191;
-786.1782,-751.2037;
-765.4738,-772.0931;
-743.771,-792.8198;
-722.9296,-811.6801;
-700.7917,-830.6725;
-678.1528,-849.0591;
-654.8503,-866.9606;
-631.4399,-883.962;
-607.4008,-900.4531;
-582.9293,-916.2887;
-558.0022,-931.4818;
-532.7557,-945.952;
-507.1071,-959.7494;
-481.0915,-972.8541;
-454.7373,-985.2517;
-428.062,-996.9342;
-400.6201,-1008.075;
-373.8335,-1018.119;
-346.3191,-1027.607;
-318.5627,-1036.351;
-290.5876,-1044.344;
-262.4107,-1051.581;
-234.057,-1058.056;
-205.5425,-1063.767;
-176.8391,-1068.716;
-148.1224,-1072.877;
-119.247,-1076.272;
-90.31567,-1078.888;
-61.31996,-1080.727;
-32.29113,-1081.787;
-3.234097,-1082.067;
25.78376,-1081.568;
55.11601,-1080.272;
83.7438,-1078.236;
112.6263,-1075.406;
141.5495,-1071.785;
170.0992,-1067.43;
198.646,-1062.292;
227.0408,-1056.39;
255.618,-1049.642;
283.2896,-1042.32;
311.1036,-1034.163;
338.7019,-1025.259;
366.2475,-1015.546;
393.0682,-1005.275;
419.8342,-994.1969;
446.3172,-982.3961;
472.4113,-969.9214;
498.3662,-956.6461;
523.5983,-942.8768;
548.6257,-928.3406;
573.2525,-913.1422;
597.4573,-897.295;
621.7277,-880.4508;
644.9913,-863.3574;
667.727,-845.7;
689.7602,-827.6334;
711.837,-808.5246;
733.0727,-789.1251;
753.7863,-769.1672;
774.0565,-748.5673;
793.7668,-727.436;
812.9036,-705.7887;
831.6988,-683.3396;
849.4036,-661.0078;
866.7407,-637.9072;
883.5416,-614.2267;
899.5313,-590.3649;
914.9806,-565.9263;
929.732,-541.1519;
943.835,-515.9623;
957.2603,-490.4067;
969.9975,-464.5056;
982.039,-438.2747;
993.5147,-411.3957;
1003.999,-384.9034;
1013.903,-357.8011;
1023.085,-330.4308;
1031.729,-302.1526;
1039.395,-274.4247;
1046.203,-247.0023;
1052.404,-218.8771;
1057.938,-190.126;
1062.562,-162.0957;
1066.502,-133.5206;
1069.681,-104.8451;
1072.097,-76.04144;
1073.737,-47.30776;
1074.615,-18.46296;
1074.722,10.36824;
1074.062,39.20032;
1072.632,68.0206;
1070.436,96.77039;
1067.392,126.1625;
1063.748,154.0663;
1059.259,182.5668;
1054.015,210.9273;
1047.934,239.4998;
1041.187,267.4942;
1033.754,295.1016;
1025.491,322.8327;
1016.559,350.1298;
1006.859,377.3033;
996.4111,404.2777;
985.2982,430.8424;
973.4567,457.1568;
960.9144,483.1526;
947.418,509.3019;
933.7691,534.1005;
919.1848,559.0173;
903.7974,583.7595;
888.0431,607.6463;
871.3652,631.5222;
854.1889,654.7589;
836.3932,677.5352;
818.1835,699.6061;
799.2098,721.3966;
779.644,742.6912;
758.9348,764.0386;
738.8821,783.6343;
717.6126,803.3504;
695.9631,822.3692;
673.7283,840.8748;
650.9619,858.8138;
627.8358,876.0549;
604.1912,892.7195;
580.1047,908.7493;
555.595,924.1314;
530.6788,938.8549;
505.3475,952.9232;
479.6986,966.283;
453.6715,978.9667;
427.303,990.9547;
400.6272,1002.231;
373.6522,1012.792;
346.3994,1022.629;
318.4842,1031.861;
291.137,1040.101;
263.1666,1047.723;
234.9986,1054.593;
206.6501,1060.708;
178.1449,1066.062;
149.493,1070.652;
120.7366,1074.47;
91.87569,1077.518;
62.93973,1079.791;
33.94539,1081.288;
4.916067,1082.006;
-24.12271,1081.945;
-53.15672,1081.104;
-82.16453,1079.484;
-111.1319,1077.085;
-140.0116,1073.91;
-168.8085,1069.959;
-197.4955,1065.235;
-226.0504,1059.74;
-254.4524,1053.479;
-282.9997,1046.372;
-310.7141,1038.676;
-338.533,1030.143;
-366.1181,1020.863;
-393.488,1010.828;
-420.5277,1000.08;
-447.2711,988.6078;
-473.7092,976.4144;
-499.8222,963.5078;
-525.5825,949.9006;
-551.0248,935.5714;
-575.9694,920.6238;
-600.5574,904.976;
-625.0496,888.4393;
-648.4378,871.713;
-671.695,854.1215;
-694.4713,835.9081;
-716.7531,817.0836;
-738.5209,797.6642;
-760.2443,777.1934;
-780.4557,757.0915;
-800.9337,735.5987;
-820.1516,714.3071;
-839.1239,692.1228;
-857.4916,669.4338;
-875.3622,646.0943;
-892.3666,622.5988;
-908.8476,598.4866;
-924.6713,573.9395;
-940.2207,548.3043;
-954.3058,523.6036;
-968.1367,497.7706;
-981.1868,471.73;
-993.5684,445.2652;
-1005.232,418.4737;
-1016.402,390.7718;
-1026.37,363.9873;
-1035.83,336.3322;
-1044.538,308.4333;
-1052.597,279.9115;
-1059.681,251.9724;
-1066.104,223.454;
-1071.806,194.4852;
-1076.627,165.9456;
-1080.739,136.8547;
-1084.034,107.9093;
-1086.553,78.82404;
-1088.289,49.63846;
-1089.245,19.86999;
-1089.392,-8.820694;
-1088.759,-38.05025;
-1087.319,-67.5173;
-1085.125,-96.40505;
-1082.127,-125.4884;
-1078.339,-154.5125;
-1073.78,-183.3552;
-1068.438,-212.0961;
-1062.313,-240.7186;
-1055.434,-269.0914;
-1047.783,-297.303;
-1039.374,-325.2953;
-1030.211,-353.0497;
-1020.304,-380.5439;
-1009.658,-407.7598;
-998.2815,-434.6755;
-986.1832,-461.2733;
-973.3721,-487.5326;
-959.8585,-513.4335;
-945.6517,-538.9579;
-930.7186,-564.159;
-915.2018,-588.8033;
-898.9805,-613.0898;
-882.113,-636.9247;
-864.6092,-660.295;
-846.4845,-683.1803;
-827.5639,-705.7838;
-808.4199,-727.4393;
-788.5093,-748.7792;
-768.0338,-769.5712;
-746.4886,-790.2868;
-725.4487,-809.4523;
-703.3689,-828.5143;
-680.428,-847.2567;
-657.7174,-864.8119;
-633.9674,-882.1722;
-610.1932,-898.5861;
-585.6682,-914.5626;
-560.9321,-929.7437;
-535.697,-944.3123;
-510.0809,-958.195;
-484.1065,-971.3801;
-457.7899,-983.8598;
-430.681,-995.8248;
-404.2124,-1006.666;
-376.6767,-1017.091;
-349.5023,-1026.552;
-321.7741,-1035.381;
-293.8224,-1043.461;
-265.6695,-1050.785;
-237.3349,-1057.349;
-208.8392,-1063.147;
-180.2011,-1068.177;
-151.4453,-1072.435;
-122.5888,-1075.919;
-93.65735,-1078.626;
-64.66687,-1080.555;
-35.64137,-1081.705;
-6.599698,-1082.075;
22.5259,-1081.663;
51.46696,-1080.477;
80.40488,-1078.513;
110.0004,-1075.696;
138.1023,-1072.258;
166.7967,-1067.974;
195.8873,-1062.823;
223.7763,-1057.109;
252.0147,-1050.538;
280.5009,-1043.094;
307.9051,-1035.142;
335.7819,-1026.24;
362.8727,-1016.781;
390.0866,-1006.457;
416.7594,-995.5123;
443.254,-983.8047;
469.4123,-971.3989;
495.8982,-957.9466;
520.6849,-944.5114;
545.7602,-930.0507;
570.4297,-914.9305;
595.1224,-898.8641;
618.5073,-882.7427;
641.8837,-865.6963;
665.0327,-847.8434;
687.204,-829.7795;
709.1253,-810.9285;
730.6359,-791.4045;
751.4332,-771.4886;
771.7504,-750.967;
792.0393,-729.3339;
810.7253,-708.312;
829.3439,-686.2208;
847.3652,-663.6412;
865.1483,-640.0833;
881.5577,-617.0942;
897.9347,-592.8099;
913.2131,-568.7967;
928.0612,-544.0348;
942.9883,-517.52;
955.7458,-493.374;
968.5623,-467.5129;
980.9224,-440.7866;
992.1024,-414.8148;
1002.809,-388.0162;
1012.797,-360.9433;
1022.185,-333.2252;
1030.587,-306.0527;
1038.448,-278.0094;
1045.425,-250.2977;
1051.736,-222.0835;
1057.269,-193.8348;
1062.058,-165.3891;
1066.086,-136.8257;
1069.352,-108.1667;
1071.853,-79.43136;
1073.586,-50.63998;
1074.56,-21.43676;
1074.749,7.032731;
1074.172,36.03828;
1072.833,64.75108;
1070.729,93.45116;
1067.855,122.1518;
1064.217,150.7662;
1059.817,179.2753;
1054.537,208.2835;
1048.746,235.8916;
1041.948,264.4928;
1034.672,291.8438;
1026.521,319.5197;
1017.633,346.9718;
1007.989,374.2538;
997.6636,401.1546;
986.6237,427.7755;
974.8066,454.2495;
962.3995,480.1649;
949.2473,505.8582;
935.3632,531.282;
920.9047,556.1567;
905.5395,581.0318;
889.9136,604.8809;
873.274,628.8581;
856.3604,651.8921;
838.5731,674.8117;
820.3384,697.0556;
801.434,718.9024;
781.9502,740.24;
761.8995,761.0537;
740.8093,781.7947;
719.7371,801.4283;
698.4997,820.1931;
676.0575,838.9828;
653.6737,856.7283;
630.2955,874.2663;
606.9471,890.8254;
582.7405,907.0401;
554.3362,924.897;
529.3864,939.5943;
374.0755,1012.633;
346.787,1022.494;
319.2697,1031.613;
291.5705,1039.976;
263.6039,1047.61;
235.4378,1054.492;
206.56,1060.726;
178.5879,1065.985;
149.6254,1070.632;
120.8946,1074.452;
92.14764,1077.493;
63.38937,1079.762;
34.39934,1081.27;
5.371953,1082.001;
-23.67708,1081.952;
-52.70517,1081.123;
-81.71203,1079.516;
-111.2204,1077.076;
-139.5607,1073.966;
-168.3607,1070.026;
-197.3233,1065.265;
-225.6078,1059.831;
-254.0877,1053.565;
-282.3005,1046.556;
-342.4831,1028.865;
-825.2074,708.5129;
-844.1614,686.0236;
-862.42,663.1273;
-879.8179,640.0646;
-896.7713,616.29;
-913.0787,592.0642;
-928.7284,567.4037;
-944.0873,541.6724;
-958.0065,516.8544;
-971.6131,491.0026;
-984.5187,464.7888;
-996.9201,437.7661;
-1009.093,409.1439;
-1018.928,384.1854;
-1028.94,356.7106;
-1038.198,329.0012;
-1046.865,300.4988;
-1054.46,272.8598;
-1061.546,244.0537;
-1067.668,215.9119;
-1073.113,187.1906;
-1077.781,158.3327;
-1081.686,129.2038;
-1084.771,100.2841;
-1087.087,71.13915;
-1088.643,41.20891;
-1089.353,12.7148;
-1089.302,-16.52266;
-1088.44,-46.21923;
-1086.83,-74.93863;
-1084.379,-104.4082;
-1081.206,-133.1343;
-1077.218,-162.0966;
-1072.448,-190.9398;
-1066.901,-219.6427;
-1060.402,-248.9415;
-1053.493,-276.5414;
-1045.642,-304.6966;
-1036.867,-333.1448;
-1027.674,-360.317;
-1017.44,-388.0819;
-1006.64,-415.1002;
-995.1589,-441.7255;
-982.878,-468.2227;
-969.8809,-494.3897;
-955.9404,-520.6365;
-941.796,-545.6155;
-926.5213,-570.9719;
-910.8232,-595.5002;
-894.5994,-619.4127;
-877.5635,-643.1263;
-859.8229,-666.4625;
-841.5474,-689.1998;
-822.7143,-711.3806;
-803.2306,-733.1132;
-783.1703,-754.3096;
-762.5364,-774.9664;
-741.3586,-795.0536;
-719.681,-814.5326;
-697.4671,-833.4365;
-674.7551,-851.7324;
-651.5633,-869.4059;
-627.9055,-886.4468;
-603.8007,-902.8418;
-579.2668,-918.5791;
-554.3218,-933.6478;
-528.9841,-948.037;
-503.2722,-961.7366;
-477.2069,-974.7361;
-450.8036,-987.0283;
-424.0836,-998.6037;
-397.0663,-1009.454;
-369.7734,-1019.571;
-341.8887,-1029.058;
-314.4333,-1037.582;
-286.1067,-1045.549;
-258.2226,-1052.588;
-229.5553,-1059.011;
-201.3089,-1064.547;
-172.5443,-1069.388;
-143.8514,-1073.429;
-114.9733,-1076.708;
-85.29778,-1079.263;
-57.02694,-1080.933;
-27.99438,-1081.878;
1.047787,-1082.043;
30.07865,-1081.428;
59.40884,-1080.015;
88.26744,-1077.844;
116.8927,-1074.922;
145.6699,-1071.205;
174.3422,-1066.717;
202.8564,-1061.467;
231.2268,-1055.453;
259.4208,-1048.682;
287.8981,-1041.025;
315.1996,-1032.893;
342.7427,-1023.886;
370.3099,-1014.043;
397.0443,-1003.682;
423.7641,-992.4993;
450.2005,-980.5936;
476.9686,-967.654;
501.9695,-954.7327;
527.3234,-940.7698;
552.2924,-926.1349;
577.1378,-910.6602;
600.9993,-894.8975;
624.8597,-878.2049;
647.9545,-861.1104;
670.7427,-843.2839;
696.0132,-822.3262;
717.9467,-803.0487;
738.9313,-783.5873;
759.5942,-763.3767;
779.8031,-742.5225;
799.2745,-721.3246;
818.2284,-699.5531;
836.6096,-677.2656;
854.3872,-654.498;
871.5489,-631.2665;
888.327,-607.2278;
903.976,-583.4807;
919.22,-558.9587;
933.803,-534.041;
947.7147,-508.7455;
960.9456,-483.09;
973.4864,-457.0929;
985.3277,-430.7744;
996.4628,-404.1496;
1006.918,-377.1469;
1016.582,-350.0621;
1025.552,-322.6378;
1033.787,-294.9855;
1041.282,-267.1209;
1048.03,-239.0757;
1054.158,-210.2041;
1059.272,-182.4928;
1063.758,-153.997;
1067.482,-125.3926;
1070.47,-96.38934;
1072.637,-67.94057;
1074.07,-38.95937;
1074.723,-10.29677;
1074.613,18.54723;
1073.734,47.37814;
1072.087,76.17561;
1069.616,105.5029;
1066.494,133.5869;
1062.552,162.1623;
1057.849,190.6212;
1052.338,219.1965;
1046.176,247.1194;
1039.211,275.1226;
1031.503,302.9295;
1023.061,330.5067;
1013.882,357.8604;
1003.768,385.5112;
993.351,411.7938;
982.0112,438.3372;
969.8353,464.8467;
957.1174,490.6876;
943.8054,516.017;
929.7006,541.2064;
914.9276,566.0128;
899.4482,590.4922;
883.4192,614.4043;
866.7034,637.9584;
849.3655,661.0572;
831.4127,683.6907;
812.5049,706.2518;
793.7201,727.4875;
773.7678,748.8685;
753.7361,769.2169;
732.7657,789.413;
711.5716,808.7606;
689.6991,827.6849;
667.3287,846.0177;
644.4927,863.7336;
621.175,880.8455;
597.4012,897.3327;
573.1949,913.1786;
548.5682,928.3751;
523.5416,942.9088;
498.1295,956.7712;
472.3516,969.9509;
445.9101,982.584;
419.773,994.2232;
393.0078,1005.299;
365.8602,1015.689;
338.6065,1025.291;
311.0403,1034.182;
283.2253,1042.338;
255.197,1049.748;
226.448,1056.522;
198.582,1062.304;
170.034,1067.441;
141.0816,1071.85;
112.5604,1075.413;
83.67624,1078.242;
54.71308,1080.295;
25.69173,1081.571;
-3.31741,1082.068;
-32.96828,1081.771;
-61.38671,1080.724;
-90.38232,1078.883;
-119.3233,1076.264;
-148.1866,1072.868;
-176.9556,1068.698;
-205.8673,1063.706;
-234.1209,1058.043;
-262.5561,1051.546;
-290.6552,1044.326;
-319.3694,1036.109;
-346.3802,1027.587;
-373.8951,1018.097;
-401.1494,1007.868;
-428.1232,996.9083;
-454.7969,985.2246;
-481.1508,972.8253;
-507.1657,959.7189;
-532.8206,945.9158;
-558.1005,931.4238;
-583.069,916.2009;
-607.4655,900.4099;
-631.4921,883.9251;
-655.0813,866.788;
-678.2034,849.0192;
-700.8416,830.6309;
-722.9774,811.6379;
-744.5977,792.0511;
-765.6849,771.886;
-786.2233,751.1569;
-806.2034,729.8727;
-825.5921,708.0686;
-844.4066,685.7245;
-862.5903,662.9078;
-880.1651,639.5914;
-897.1049,615.8083;
-913.3997,591.5726;
-929.3014,566.4722;
-944.0013,541.8209;
-958.2864,516.3394;
-971.8795,490.4792;
-984.7704,464.2593;
-996.9497,437.6989;
-1008.407,410.8192;
-1019.137,383.6362;
-1029.129,356.1716;
-1038.375,328.4474;
-1046.87,300.4801;
-1054.607,272.2942;
-1061.58,243.9062;
-1067.784,215.3391;
-1073.225,186.5565;
-1077.867,157.7534;
-1081.738,128.7751;
-1084.825,99.70206;
-1087.125,70.55788;
-1088.686,40.05785;
-1089.374,10.82641;
-1089.271,-18.40884;
-1088.379,-47.63055;
-1086.675,-77.14059;
-1084.228,-105.9517;
-1080.973,-135.0061;
-1076.933,-163.9614;
-1072.114,-192.7941;
-1066.517,-221.4893;
-1060.133,-250.0783;
-1053.004,-278.3845;
-1045.11,-306.5047;
-1036.453,-334.4219;
-1027.046,-362.0916;
-1016.895,-389.4975;
-1006.008,-416.6175;
-994.1762,-443.9166;
-982.0613,-469.9206;
-969.0186,-496.0648;
-955.277,-521.8434;
-940.4992,-547.8304;
-925.7347,-572.2363;
-909.9559,-596.8137;
-893.5214,-620.9541;
-876.4431,-644.6396;
-858.7351,-667.8517;
-840.1512,-690.8864;
-821.4783,-712.7947;
-801.957,-734.4932;
-781.7125,-755.8061;
-761.1178,-776.3463;
-739.9218,-796.3778;
-718.2686,-815.7655;
-696.0222,-834.6309;
-672.5843,-853.429;
-650.0549,-870.5215;
-626.3678,-887.5212;
-602.2349,-903.8742;
-577.6705,-919.5711;
-552.705,-934.593;
-527.0266,-949.1113;
-501.6055,-962.5942;
-475.5161,-975.5493;
-449.0938,-987.7947;
-422.3062,-999.3436;
-395.2642,-1010.148;
-368.0082,-1020.197;
-340.44,-1029.528;
-312.6357,-1038.113;
-284.6174,-1045.945;
-256.4017,-1053.02;
-228.011,-1059.334;
-199.466,-1064.881;
-170.7874,-1069.658;
-141.9959,-1073.663;
-112.6521,-1076.937;
-84.16013,-1079.344;
-55.15553,-1081.018;
-26.12172,-1081.912;
2.932734,-1082.026;
32.02194,-1081.359;
60.94975,-1079.919;
89.88506,-1077.7;
119.5051,-1074.617;
147.5198,-1070.939;
176.7772,-1066.299;
204.6908,-1061.102;
233.0504,-1055.039;
261.2323,-1048.22;
289.4682,-1040.578;
316.9832,-1032.334;
344.7694,-1023.191;
371.7844,-1013.492;
398.7802,-1002.981;
425.6633,-991.6722;
451.866,-979.8149;
477.9185,-967.178;
503.692,-953.812;
528.9596,-939.8381;
553.8906,-925.1675;
578.4289,-909.8303;
602.5447,-893.8452;
626.2193,-877.2245;
649.4394,-859.9785;
672.187,-842.1207;
694.4461,-823.6639;
716.3646,-804.4748;
737.4354,-785.0093;
758.1485,-764.8262;
778.2883,-744.1249;
797.8839,-722.8764;
817.3322,-700.6094;
835.3956,-678.7755;
853.1382,-656.1392;
870.678,-632.4774;
887.174,-608.9249;
902.8682,-585.2073;
918.1545,-560.7211;
932.7849,-535.8311;
946.7439,-510.5637;
960.0512,-484.8783;
972.6149,-458.9581;
984.5063,-432.6621;
995.6921,-406.0584;
1006.435,-378.4415;
1015.914,-352.009;
1052.099,220.3475;
1045.761,248.8783;
1038.847,276.5032;
1031.104,304.2961;
1022.621,331.8739;
1013.406,359.2155;
1003.465,386.3051;
869.7487,633.7653;
852.5207,656.9481;
834.6782,679.6653;
367.5464,1015.068;
340.2212,1024.745;
312.6595,1033.682;
284.8655,1041.88;
256.8432,1049.335;
228.6381,1056.035;
199.5648,1062.113;
171.715,1067.161;
143.0415,1071.577;
113.8387,1075.27;
85.24583,1078.108;
56.18507,1080.21;
27.4215,1081.517;
-1.646352,1082.06;
-30.66168,1081.823;
-59.68818,1080.808;
-88.68015,1079.013;
-117.6249,1076.439;
-146.5056,1073.088;
-175.2685,1068.964;
-203.9256,1064.067;
-232.6096,1058.365;
-260.871,1051.953;
-288.9993,1044.773;
-317.0248,1036.812;
-344.756,1028.122;
-372.9496,1018.437;
-399.5558,1008.489;
-426.5467,997.5723;
-453.2385,985.9308;
-479.6098,973.5742;
-505.9503,960.3509;
-531.3235,946.7459;
-556.626,932.294;
-581.5323,917.1647;
-606.0777,901.3334;
-630.0922,884.912;
-685.6782,843.0592;
-711.3677,821.7283;
-733.2672,802.4481;
-754.6345,782.5889;
-775.4641,762.1552;
-796.1114,740.7672;
-815.4405,719.6323;
-834.8157,697.2677;
-853.0748,675.005;
-871.1047,651.775;
-888.2528,628.4056;
-904.9815,604.2695;
-920.8749,579.9628;
-936.1959,555.0951;
-950.8415,529.8206;
-964.8006,504.1577;
-978.0629,478.1251;
-990.6177,451.7436;
-1002.457,425.0289;
-1013.572,398.0024;
-1023.954,370.6837;
-1033.593,343.0948;
-1042.486,315.2522;
-1050.623,287.1779;
-1058,258.8928;
-1064.61,230.4176;
-1070.449,201.773;
-1075.53,172.8674;
-1079.795,144.0603;
-1083.296,115.0345;
-1086.705,76.72041;
-1088.412,46.86716;
-1089.273,18.30551;
-1089.373,-10.92974;
-1088.682,-40.15904;
-1087.203,-69.35675;
-1084.935,-98.50557;
-1081.88,-127.582;
-1078.041,-156.5646;
-1073.419,-185.4404;
-1068.022,-214.1636;
-1061.85,-242.7376;
-1054.908,-271.1334;
-1047.203,-299.3279;
-1038.738,-327.3066;
-1029.522,-355.041;
-1019.423,-382.8801;
-1008.861,-409.7118;
-997.4324,-436.606;
-985.2833,-463.1781;
-972.3921,-489.4697;
-958.8566,-515.2876;
-944.5998,-540.785;
-929.595,-565.994;
-914.0521,-590.5725;
-897.7792,-614.8331;
-880.869,-638.6297;
-863.3197,-661.9655;
-845.1479,-684.8185;
-826.374,-707.1642;
-806.9952,-729.0051;
-787.0511,-750.2975;
-766.5339,-771.0509;
-745.4703,-791.238;
-723.4939,-811.1821;
-701.7549,-829.8674;
-679.1386,-848.2794;
-655.865,-866.2018;
-632.4655,-883.237;
-608.4466,-899.7553;
-583.9584,-915.6414;
-559.1257,-930.8168;
-533.8616,-945.3368;
-508.2218,-959.1682;
-481.7728,-972.522;
-455.8826,-984.7308;
-427.2848,-997.2618;
-402.2616,-1007.433;
-375.0184,-1017.692;
-347.3155,-1027.278;
-319.768,-1035.989;
-291.801,-1044.014;
-262.864,-1051.471;
-235.2874,-1057.792;
-206.7799,-1063.535;
-178.1355,-1068.51;
-149.371,-1072.712;
-120.5091,-1076.14;
-91.57083,-1078.791;
-62.57707,-1080.664;
-33.54048,-1081.758;
-4.508851,-1082.072;
24.58767,-1081.604;
53.53223,-1080.362;
82.49372,-1078.341;
111.3751,-1075.545;
140.8502,-1071.882;
168.8557,-1067.636;
197.4158,-1062.529;
225.8115,-1056.662;
254.0468,-1050.035;
282.0776,-1042.658;
309.9076,-1034.53;
337.5559,-1025.645;
364.839,-1016.063;
391.9014,-1005.738;
418.6828,-994.6909;
445.1451,-982.9366;
471.4286,-970.4067;
497.5614,-957.0712;
522.5048,-943.4918;
547.5491,-928.9845;
572.3925,-913.6882;
596.4182,-897.9943;
620.2604,-881.4973;
643.5469,-864.4467;
666.4184,-846.7428;
688.8007,-828.4405;
710.6862,-809.5468;
732.4326,-789.7253;
752.8957,-770.0476;
773.1887,-749.472;
793.0994,-728.1702;
812.0862,-706.7375;
830.7283,-684.5295;
848.6384,-661.9982;
866.0018,-638.9184;
882.7411,-615.3859;
898.8461,-591.416;
914.4568,-566.779;
929.1045,-542.237;
943.237,-517.0631;
956.7113,-491.4851;
969.4584,-465.638;
981.5302,-439.4214;
992.8967,-412.896;
1003.754,-385.5462;
1013.487,-358.9851;
1031.231,-303.861;
1038.965,-276.059;
1045.952,-248.0699;
1052.191,-219.9058;
1057.676,-191.5843;
1062.405,-163.1276;
1066.373,-134.5558;
1069.578,-105.889;
1072.018,-77.14747;
1073.702,-48.11801;
1074.596,-19.52136;
1074.732,9.322528;
1074.099,38.15984;
1072.698,66.97021;
1070.529,95.73334;
1067.594,124.4289;
1063.895,153.0366;
1059.435,181.5363;
1054.217,209.9079;
1048.244,238.1292;
1041.52,266.1844;
1034.035,294.107;
1025.841,321.7094;
1016.896,349.1417;
1007.222,376.3274;
996.6208,403.7572;
985.7146,429.8819;
973.8969,456.2109;
961.3796,482.2192;
948.0765,508.0658;
934.2232,533.2998;
919.7107,558.1445;
904.5015,582.6591;
888.2709,607.3107;
872.1165,630.4757;
854.977,653.7208;
836.8643,676.9481;
818.8589,698.8082;
799.6237,720.9337;
778.9617,743.4136;
760.2812,762.686;
739.1861,783.3447;
718.4563,802.5883;
696.7567,821.6898;
674.5514,840.2074;
651.856,858.1276;
628.6865,875.4374;
605.0558,892.1266;
580.9769,908.185;
556.3117,923.6945;
531.5908,938.3318;
506.3014,952.4094;
480.6403,965.8076;
454.6258,978.5168;
428.2762,990.5273;
401.6102,1001.83;
374.6428,1012.419;
347.4009,1022.282;
319.8999,1031.413;
292.1595,1039.807;
264.1952,1047.457;
236.0352,1054.355;
207.6914,1060.498;
179.1921,1065.879;
150.5536,1070.496;
121.7965,1074.344;
92.93732,1077.42;
64.00484,1079.722;
35.0158,1081.246;
5.991003,1081.993;
-23.05278,1081.961;
-52.68047,1081.124;
-81.09712,1079.558;
-110.0558,1077.188;
-138.9457,1074.041;
-167.7458,1070.119;
-196.4353,1065.423;
-225.0055,1059.955;
-253.4034,1053.725;
-281.6366,1046.731;
-310.1967,1038.827;
-337.5067,1030.473;
-365.1146,1021.216;
-392.4525,1011.223;
-419.5088,1000.501;
-446.2827,989.0472;
-472.743,976.8753;
-498.8668,963.9955;
-524.6385,950.415;
-550.0466,936.1392;
-575.0684,921.1798;
-599.6577,905.5652;
-623.8384,889.2801;
-647.5717,872.3494;
-670.8438,854.7828;
-693.6373,836.593;
-715.9354,817.7929;
-737.7339,798.3848;
-758.983,778.4132;
-779.6976,757.8648;
-799.856,736.7596;
-819.4376,715.1188;
-838.4333,692.952;
-856.8235,670.2814;
-874.61,647.1038;
-891.7444,623.4822;
-908.2467,599.3909;
-924.1296,574.8044;
-939.2777,549.9056;
-953.7813,524.5512;
-967.5983,498.8085;
-980.9738,472.1694;
-993.2745,445.9155;
-1004.814,419.4696;
-1015.857,392.1778;
-1026.006,365.0045;
-1035.495,337.3541;
-1044.23,309.4678;
-1052.211,281.3463;
-1059.428,253.0262;
-1065.88,224.5122;
-1071.558,195.8373;
-1076.461,167.0145;
-1080.583,138.073;
-1083.921,109.026;
-1086.474,79.9071;
-1088.239,50.7212;
-1089.214,21.50217;
-1089.397,-8.169009;
-1088.783,-37.33976;
-1087.388,-66.41682;
-1085.2,-95.55724;
-1082.252,-124.4087;
-1078.499,-153.4006;
-1073.964,-182.2839;
-1068.65,-211.0291;
-1062.562,-239.6234;
-1055.705,-268.0336;
-1047.942,-296.7464;
-1039.701,-324.2547;
-1030.446,-352.37;
-1020.687,-379.5237;
-1010.004,-406.9063;
-998.655,-433.8231;
-986.6423,-460.2979;
-973.8546,-486.5756;
-960.3729,-512.478;
-946.1922,-538.0159;
-930.7664,-564.0809;
-915.062,-589.0191;
-898.9847,-613.0836;
-882.1174,-636.9186;
-864.5643,-660.353;
-846.2966,-683.411;
-827.7548,-705.5617;
-808.427,-727.4315;
-788.5159,-748.7723;
-768.0422,-769.563;
-747.015,-789.7942;
-